{
  "config": {
    "n_seeds": 3,
    "train_steps": 300,
    "train_lr": 0.01,
    "n_sequences": 300,
    "batch_size": 32,
    "d_model": 64,
    "d_ff": 256,
    "n_layers": 4,
    "lora_rank": 8,
    "vocab_size": 32,
    "context_len": 16
  },
  "clusters": {
    "code": [
      "python",
      "javascript",
      "rust",
      "bash",
      "sql"
    ],
    "reasoning": [
      "math",
      "logic",
      "physics",
      "statistics",
      "economics"
    ],
    "knowledge": [
      "medical",
      "law",
      "history",
      "psychology",
      "cooking"
    ]
  },
  "seed_results": [
    {
      "seed": 42,
      "within_mean": 0.05206194695645798,
      "cross_mean": 0.006796513803365006,
      "ratio": 7.660095817164634,
      "p_value": 0.0,
      "significant": true,
      "analysis": {
        "within_cluster": {
          "mean": 0.05206194695645798,
          "std": 0.02539031205476915,
          "median": 0.05062141342709263,
          "max": 0.12055324267114308,
          "min": 0.005889482267543686,
          "n_pairs": 30
        },
        "cross_cluster": {
          "mean": 0.006796513803365006,
          "std": 0.0059274760892232175,
          "median": 0.005293389287641151,
          "max": 0.025111536409618416,
          "min": 5.295873753640504e-05,
          "n_pairs": 75
        },
        "ratio": 7.660095817164634,
        "pair_details": [
          {
            "domain1": "python",
            "domain2": "javascript",
            "cluster1": "code",
            "cluster2": "code",
            "cosine": 0.052657674593180485,
            "abs_cosine": 0.052657674593180485,
            "same_cluster": true
          },
          {
            "domain1": "python",
            "domain2": "rust",
            "cluster1": "code",
            "cluster2": "code",
            "cosine": 0.045750600836369455,
            "abs_cosine": 0.045750600836369455,
            "same_cluster": true
          },
          {
            "domain1": "python",
            "domain2": "bash",
            "cluster1": "code",
            "cluster2": "code",
            "cosine": 0.023301072806622313,
            "abs_cosine": 0.023301072806622313,
            "same_cluster": true
          },
          {
            "domain1": "python",
            "domain2": "sql",
            "cluster1": "code",
            "cluster2": "code",
            "cosine": 0.1060590148584452,
            "abs_cosine": 0.1060590148584452,
            "same_cluster": true
          },
          {
            "domain1": "python",
            "domain2": "math",
            "cluster1": "code",
            "cluster2": "reasoning",
            "cosine": -0.0024367377290545576,
            "abs_cosine": 0.0024367377290545576,
            "same_cluster": false
          },
          {
            "domain1": "python",
            "domain2": "logic",
            "cluster1": "code",
            "cluster2": "reasoning",
            "cosine": -0.00523938201526471,
            "abs_cosine": 0.00523938201526471,
            "same_cluster": false
          },
          {
            "domain1": "python",
            "domain2": "physics",
            "cluster1": "code",
            "cluster2": "reasoning",
            "cosine": 0.003526892230914082,
            "abs_cosine": 0.003526892230914082,
            "same_cluster": false
          },
          {
            "domain1": "python",
            "domain2": "statistics",
            "cluster1": "code",
            "cluster2": "reasoning",
            "cosine": -0.012940334290832049,
            "abs_cosine": 0.012940334290832049,
            "same_cluster": false
          },
          {
            "domain1": "python",
            "domain2": "economics",
            "cluster1": "code",
            "cluster2": "reasoning",
            "cosine": -0.003598004332711463,
            "abs_cosine": 0.003598004332711463,
            "same_cluster": false
          },
          {
            "domain1": "python",
            "domain2": "medical",
            "cluster1": "code",
            "cluster2": "knowledge",
            "cosine": 0.0013847183036049078,
            "abs_cosine": 0.0013847183036049078,
            "same_cluster": false
          },
          {
            "domain1": "python",
            "domain2": "law",
            "cluster1": "code",
            "cluster2": "knowledge",
            "cosine": -0.007254455424752033,
            "abs_cosine": 0.007254455424752033,
            "same_cluster": false
          },
          {
            "domain1": "python",
            "domain2": "history",
            "cluster1": "code",
            "cluster2": "knowledge",
            "cosine": -0.02440928659938957,
            "abs_cosine": 0.02440928659938957,
            "same_cluster": false
          },
          {
            "domain1": "python",
            "domain2": "psychology",
            "cluster1": "code",
            "cluster2": "knowledge",
            "cosine": -0.00336492611020856,
            "abs_cosine": 0.00336492611020856,
            "same_cluster": false
          },
          {
            "domain1": "python",
            "domain2": "cooking",
            "cluster1": "code",
            "cluster2": "knowledge",
            "cosine": -0.00867924769637214,
            "abs_cosine": 0.00867924769637214,
            "same_cluster": false
          },
          {
            "domain1": "javascript",
            "domain2": "rust",
            "cluster1": "code",
            "cluster2": "code",
            "cosine": 0.09332557353193446,
            "abs_cosine": 0.09332557353193446,
            "same_cluster": true
          },
          {
            "domain1": "javascript",
            "domain2": "bash",
            "cluster1": "code",
            "cluster2": "code",
            "cosine": 0.052010478004167415,
            "abs_cosine": 0.052010478004167415,
            "same_cluster": true
          },
          {
            "domain1": "javascript",
            "domain2": "sql",
            "cluster1": "code",
            "cluster2": "code",
            "cosine": 0.056738766264861115,
            "abs_cosine": 0.056738766264861115,
            "same_cluster": true
          },
          {
            "domain1": "javascript",
            "domain2": "math",
            "cluster1": "code",
            "cluster2": "reasoning",
            "cosine": -0.006379868782850096,
            "abs_cosine": 0.006379868782850096,
            "same_cluster": false
          },
          {
            "domain1": "javascript",
            "domain2": "logic",
            "cluster1": "code",
            "cluster2": "reasoning",
            "cosine": 0.008945245034112693,
            "abs_cosine": 0.008945245034112693,
            "same_cluster": false
          },
          {
            "domain1": "javascript",
            "domain2": "physics",
            "cluster1": "code",
            "cluster2": "reasoning",
            "cosine": -0.002403434188127999,
            "abs_cosine": 0.002403434188127999,
            "same_cluster": false
          },
          {
            "domain1": "javascript",
            "domain2": "statistics",
            "cluster1": "code",
            "cluster2": "reasoning",
            "cosine": -0.006167990375000527,
            "abs_cosine": 0.006167990375000527,
            "same_cluster": false
          },
          {
            "domain1": "javascript",
            "domain2": "economics",
            "cluster1": "code",
            "cluster2": "reasoning",
            "cosine": 0.013396865781454406,
            "abs_cosine": 0.013396865781454406,
            "same_cluster": false
          },
          {
            "domain1": "javascript",
            "domain2": "medical",
            "cluster1": "code",
            "cluster2": "knowledge",
            "cosine": -0.005293389287641151,
            "abs_cosine": 0.005293389287641151,
            "same_cluster": false
          },
          {
            "domain1": "javascript",
            "domain2": "law",
            "cluster1": "code",
            "cluster2": "knowledge",
            "cosine": 0.004011245364489391,
            "abs_cosine": 0.004011245364489391,
            "same_cluster": false
          },
          {
            "domain1": "javascript",
            "domain2": "history",
            "cluster1": "code",
            "cluster2": "knowledge",
            "cosine": 0.004868540411821211,
            "abs_cosine": 0.004868540411821211,
            "same_cluster": false
          },
          {
            "domain1": "javascript",
            "domain2": "psychology",
            "cluster1": "code",
            "cluster2": "knowledge",
            "cosine": -0.00014419797558629758,
            "abs_cosine": 0.00014419797558629758,
            "same_cluster": false
          },
          {
            "domain1": "javascript",
            "domain2": "cooking",
            "cluster1": "code",
            "cluster2": "knowledge",
            "cosine": -0.004098351543580039,
            "abs_cosine": 0.004098351543580039,
            "same_cluster": false
          },
          {
            "domain1": "rust",
            "domain2": "bash",
            "cluster1": "code",
            "cluster2": "code",
            "cosine": 0.05325564348761164,
            "abs_cosine": 0.05325564348761164,
            "same_cluster": true
          },
          {
            "domain1": "rust",
            "domain2": "sql",
            "cluster1": "code",
            "cluster2": "code",
            "cosine": 0.02992133933565983,
            "abs_cosine": 0.02992133933565983,
            "same_cluster": true
          },
          {
            "domain1": "rust",
            "domain2": "math",
            "cluster1": "code",
            "cluster2": "reasoning",
            "cosine": -0.00040364025087535893,
            "abs_cosine": 0.00040364025087535893,
            "same_cluster": false
          },
          {
            "domain1": "rust",
            "domain2": "logic",
            "cluster1": "code",
            "cluster2": "reasoning",
            "cosine": -0.0002219404966732151,
            "abs_cosine": 0.0002219404966732151,
            "same_cluster": false
          },
          {
            "domain1": "rust",
            "domain2": "physics",
            "cluster1": "code",
            "cluster2": "reasoning",
            "cosine": 0.001018984957005329,
            "abs_cosine": 0.001018984957005329,
            "same_cluster": false
          },
          {
            "domain1": "rust",
            "domain2": "statistics",
            "cluster1": "code",
            "cluster2": "reasoning",
            "cosine": -0.0110964316493461,
            "abs_cosine": 0.0110964316493461,
            "same_cluster": false
          },
          {
            "domain1": "rust",
            "domain2": "economics",
            "cluster1": "code",
            "cluster2": "reasoning",
            "cosine": -0.0008791674110049454,
            "abs_cosine": 0.0008791674110049454,
            "same_cluster": false
          },
          {
            "domain1": "rust",
            "domain2": "medical",
            "cluster1": "code",
            "cluster2": "knowledge",
            "cosine": -0.011363720791422198,
            "abs_cosine": 0.011363720791422198,
            "same_cluster": false
          },
          {
            "domain1": "rust",
            "domain2": "law",
            "cluster1": "code",
            "cluster2": "knowledge",
            "cosine": -0.010908277202012762,
            "abs_cosine": 0.010908277202012762,
            "same_cluster": false
          },
          {
            "domain1": "rust",
            "domain2": "history",
            "cluster1": "code",
            "cluster2": "knowledge",
            "cosine": -0.015320022633526373,
            "abs_cosine": 0.015320022633526373,
            "same_cluster": false
          },
          {
            "domain1": "rust",
            "domain2": "psychology",
            "cluster1": "code",
            "cluster2": "knowledge",
            "cosine": 0.00016126910027569754,
            "abs_cosine": 0.00016126910027569754,
            "same_cluster": false
          },
          {
            "domain1": "rust",
            "domain2": "cooking",
            "cluster1": "code",
            "cluster2": "knowledge",
            "cosine": -0.00531250052232122,
            "abs_cosine": 0.00531250052232122,
            "same_cluster": false
          },
          {
            "domain1": "bash",
            "domain2": "sql",
            "cluster1": "code",
            "cluster2": "code",
            "cosine": -0.005889482267543686,
            "abs_cosine": 0.005889482267543686,
            "same_cluster": true
          },
          {
            "domain1": "bash",
            "domain2": "math",
            "cluster1": "code",
            "cluster2": "reasoning",
            "cosine": -0.010374978480872247,
            "abs_cosine": 0.010374978480872247,
            "same_cluster": false
          },
          {
            "domain1": "bash",
            "domain2": "logic",
            "cluster1": "code",
            "cluster2": "reasoning",
            "cosine": 5.93346380564036e-05,
            "abs_cosine": 5.93346380564036e-05,
            "same_cluster": false
          },
          {
            "domain1": "bash",
            "domain2": "physics",
            "cluster1": "code",
            "cluster2": "reasoning",
            "cosine": -0.001429805757043478,
            "abs_cosine": 0.001429805757043478,
            "same_cluster": false
          },
          {
            "domain1": "bash",
            "domain2": "statistics",
            "cluster1": "code",
            "cluster2": "reasoning",
            "cosine": -0.004693795401843008,
            "abs_cosine": 0.004693795401843008,
            "same_cluster": false
          },
          {
            "domain1": "bash",
            "domain2": "economics",
            "cluster1": "code",
            "cluster2": "reasoning",
            "cosine": 0.00856546706404888,
            "abs_cosine": 0.00856546706404888,
            "same_cluster": false
          },
          {
            "domain1": "bash",
            "domain2": "medical",
            "cluster1": "code",
            "cluster2": "knowledge",
            "cosine": 0.0031521546856867295,
            "abs_cosine": 0.0031521546856867295,
            "same_cluster": false
          },
          {
            "domain1": "bash",
            "domain2": "law",
            "cluster1": "code",
            "cluster2": "knowledge",
            "cosine": -0.0015831890246917506,
            "abs_cosine": 0.0015831890246917506,
            "same_cluster": false
          },
          {
            "domain1": "bash",
            "domain2": "history",
            "cluster1": "code",
            "cluster2": "knowledge",
            "cosine": 0.006594892424747731,
            "abs_cosine": 0.006594892424747731,
            "same_cluster": false
          },
          {
            "domain1": "bash",
            "domain2": "psychology",
            "cluster1": "code",
            "cluster2": "knowledge",
            "cosine": -0.009896761271775405,
            "abs_cosine": 0.009896761271775405,
            "same_cluster": false
          },
          {
            "domain1": "bash",
            "domain2": "cooking",
            "cluster1": "code",
            "cluster2": "knowledge",
            "cosine": -0.0034941260600040843,
            "abs_cosine": 0.0034941260600040843,
            "same_cluster": false
          },
          {
            "domain1": "sql",
            "domain2": "math",
            "cluster1": "code",
            "cluster2": "reasoning",
            "cosine": 0.004718038411128627,
            "abs_cosine": 0.004718038411128627,
            "same_cluster": false
          },
          {
            "domain1": "sql",
            "domain2": "logic",
            "cluster1": "code",
            "cluster2": "reasoning",
            "cosine": 5.295873753640504e-05,
            "abs_cosine": 5.295873753640504e-05,
            "same_cluster": false
          },
          {
            "domain1": "sql",
            "domain2": "physics",
            "cluster1": "code",
            "cluster2": "reasoning",
            "cosine": -0.0016749666339394927,
            "abs_cosine": 0.0016749666339394927,
            "same_cluster": false
          },
          {
            "domain1": "sql",
            "domain2": "statistics",
            "cluster1": "code",
            "cluster2": "reasoning",
            "cosine": -0.003529711309874732,
            "abs_cosine": 0.003529711309874732,
            "same_cluster": false
          },
          {
            "domain1": "sql",
            "domain2": "economics",
            "cluster1": "code",
            "cluster2": "reasoning",
            "cosine": -0.0036795556967741355,
            "abs_cosine": 0.0036795556967741355,
            "same_cluster": false
          },
          {
            "domain1": "sql",
            "domain2": "medical",
            "cluster1": "code",
            "cluster2": "knowledge",
            "cosine": 0.006352924778530035,
            "abs_cosine": 0.006352924778530035,
            "same_cluster": false
          },
          {
            "domain1": "sql",
            "domain2": "law",
            "cluster1": "code",
            "cluster2": "knowledge",
            "cosine": -0.004068181129188063,
            "abs_cosine": 0.004068181129188063,
            "same_cluster": false
          },
          {
            "domain1": "sql",
            "domain2": "history",
            "cluster1": "code",
            "cluster2": "knowledge",
            "cosine": -0.02246212918531701,
            "abs_cosine": 0.02246212918531701,
            "same_cluster": false
          },
          {
            "domain1": "sql",
            "domain2": "psychology",
            "cluster1": "code",
            "cluster2": "knowledge",
            "cosine": 0.0032021464458860272,
            "abs_cosine": 0.0032021464458860272,
            "same_cluster": false
          },
          {
            "domain1": "sql",
            "domain2": "cooking",
            "cluster1": "code",
            "cluster2": "knowledge",
            "cosine": -0.01491651105490886,
            "abs_cosine": 0.01491651105490886,
            "same_cluster": false
          },
          {
            "domain1": "math",
            "domain2": "logic",
            "cluster1": "reasoning",
            "cluster2": "reasoning",
            "cosine": 0.03472012336256781,
            "abs_cosine": 0.03472012336256781,
            "same_cluster": true
          },
          {
            "domain1": "math",
            "domain2": "physics",
            "cluster1": "reasoning",
            "cluster2": "reasoning",
            "cosine": 0.06693763708013738,
            "abs_cosine": 0.06693763708013738,
            "same_cluster": true
          },
          {
            "domain1": "math",
            "domain2": "statistics",
            "cluster1": "reasoning",
            "cluster2": "reasoning",
            "cosine": 0.028739951471781242,
            "abs_cosine": 0.028739951471781242,
            "same_cluster": true
          },
          {
            "domain1": "math",
            "domain2": "economics",
            "cluster1": "reasoning",
            "cluster2": "reasoning",
            "cosine": 0.03234619861853599,
            "abs_cosine": 0.03234619861853599,
            "same_cluster": true
          },
          {
            "domain1": "math",
            "domain2": "medical",
            "cluster1": "reasoning",
            "cluster2": "knowledge",
            "cosine": -0.013851533811819266,
            "abs_cosine": 0.013851533811819266,
            "same_cluster": false
          },
          {
            "domain1": "math",
            "domain2": "law",
            "cluster1": "reasoning",
            "cluster2": "knowledge",
            "cosine": -0.01785222310033484,
            "abs_cosine": 0.01785222310033484,
            "same_cluster": false
          },
          {
            "domain1": "math",
            "domain2": "history",
            "cluster1": "reasoning",
            "cluster2": "knowledge",
            "cosine": -0.00844480492827073,
            "abs_cosine": 0.00844480492827073,
            "same_cluster": false
          },
          {
            "domain1": "math",
            "domain2": "psychology",
            "cluster1": "reasoning",
            "cluster2": "knowledge",
            "cosine": -0.00663956496931617,
            "abs_cosine": 0.00663956496931617,
            "same_cluster": false
          },
          {
            "domain1": "math",
            "domain2": "cooking",
            "cluster1": "reasoning",
            "cluster2": "knowledge",
            "cosine": -0.005637109759446124,
            "abs_cosine": 0.005637109759446124,
            "same_cluster": false
          },
          {
            "domain1": "logic",
            "domain2": "physics",
            "cluster1": "reasoning",
            "cluster2": "reasoning",
            "cosine": 0.08148988821437332,
            "abs_cosine": 0.08148988821437332,
            "same_cluster": true
          },
          {
            "domain1": "logic",
            "domain2": "statistics",
            "cluster1": "reasoning",
            "cluster2": "reasoning",
            "cosine": 0.06237804125112252,
            "abs_cosine": 0.06237804125112252,
            "same_cluster": true
          },
          {
            "domain1": "logic",
            "domain2": "economics",
            "cluster1": "reasoning",
            "cluster2": "reasoning",
            "cosine": 0.12055324267114308,
            "abs_cosine": 0.12055324267114308,
            "same_cluster": true
          },
          {
            "domain1": "logic",
            "domain2": "medical",
            "cluster1": "reasoning",
            "cluster2": "knowledge",
            "cosine": 0.0028631312789780343,
            "abs_cosine": 0.0028631312789780343,
            "same_cluster": false
          },
          {
            "domain1": "logic",
            "domain2": "law",
            "cluster1": "reasoning",
            "cluster2": "knowledge",
            "cosine": 0.001762754418024347,
            "abs_cosine": 0.001762754418024347,
            "same_cluster": false
          },
          {
            "domain1": "logic",
            "domain2": "history",
            "cluster1": "reasoning",
            "cluster2": "knowledge",
            "cosine": -0.021028587968914936,
            "abs_cosine": 0.021028587968914936,
            "same_cluster": false
          },
          {
            "domain1": "logic",
            "domain2": "psychology",
            "cluster1": "reasoning",
            "cluster2": "knowledge",
            "cosine": 0.006455153597589143,
            "abs_cosine": 0.006455153597589143,
            "same_cluster": false
          },
          {
            "domain1": "logic",
            "domain2": "cooking",
            "cluster1": "reasoning",
            "cluster2": "knowledge",
            "cosine": 0.0013821931213602757,
            "abs_cosine": 0.0013821931213602757,
            "same_cluster": false
          },
          {
            "domain1": "physics",
            "domain2": "statistics",
            "cluster1": "reasoning",
            "cluster2": "reasoning",
            "cosine": 0.024922974306155046,
            "abs_cosine": 0.024922974306155046,
            "same_cluster": true
          },
          {
            "domain1": "physics",
            "domain2": "economics",
            "cluster1": "reasoning",
            "cluster2": "reasoning",
            "cosine": 0.05634338037081786,
            "abs_cosine": 0.05634338037081786,
            "same_cluster": true
          },
          {
            "domain1": "physics",
            "domain2": "medical",
            "cluster1": "reasoning",
            "cluster2": "knowledge",
            "cosine": 0.0036387417225761678,
            "abs_cosine": 0.0036387417225761678,
            "same_cluster": false
          },
          {
            "domain1": "physics",
            "domain2": "law",
            "cluster1": "reasoning",
            "cluster2": "knowledge",
            "cosine": -0.015143077026052386,
            "abs_cosine": 0.015143077026052386,
            "same_cluster": false
          },
          {
            "domain1": "physics",
            "domain2": "history",
            "cluster1": "reasoning",
            "cluster2": "knowledge",
            "cosine": 0.006542953480318679,
            "abs_cosine": 0.006542953480318679,
            "same_cluster": false
          },
          {
            "domain1": "physics",
            "domain2": "psychology",
            "cluster1": "reasoning",
            "cluster2": "knowledge",
            "cosine": -0.0026443885867815852,
            "abs_cosine": 0.0026443885867815852,
            "same_cluster": false
          },
          {
            "domain1": "physics",
            "domain2": "cooking",
            "cluster1": "reasoning",
            "cluster2": "knowledge",
            "cosine": -0.025111536409618416,
            "abs_cosine": 0.025111536409618416,
            "same_cluster": false
          },
          {
            "domain1": "statistics",
            "domain2": "economics",
            "cluster1": "reasoning",
            "cluster2": "reasoning",
            "cosine": 0.04152190163802102,
            "abs_cosine": 0.04152190163802102,
            "same_cluster": true
          },
          {
            "domain1": "statistics",
            "domain2": "medical",
            "cluster1": "reasoning",
            "cluster2": "knowledge",
            "cosine": -0.006645989967045465,
            "abs_cosine": 0.006645989967045465,
            "same_cluster": false
          },
          {
            "domain1": "statistics",
            "domain2": "law",
            "cluster1": "reasoning",
            "cluster2": "knowledge",
            "cosine": -0.012361135199390711,
            "abs_cosine": 0.012361135199390711,
            "same_cluster": false
          },
          {
            "domain1": "statistics",
            "domain2": "history",
            "cluster1": "reasoning",
            "cluster2": "knowledge",
            "cosine": -0.0008375230028096269,
            "abs_cosine": 0.0008375230028096269,
            "same_cluster": false
          },
          {
            "domain1": "statistics",
            "domain2": "psychology",
            "cluster1": "reasoning",
            "cluster2": "knowledge",
            "cosine": -0.012383358843029992,
            "abs_cosine": 0.012383358843029992,
            "same_cluster": false
          },
          {
            "domain1": "statistics",
            "domain2": "cooking",
            "cluster1": "reasoning",
            "cluster2": "knowledge",
            "cosine": -0.017185466974807165,
            "abs_cosine": 0.017185466974807165,
            "same_cluster": false
          },
          {
            "domain1": "economics",
            "domain2": "medical",
            "cluster1": "reasoning",
            "cluster2": "knowledge",
            "cosine": 0.005928207937277222,
            "abs_cosine": 0.005928207937277222,
            "same_cluster": false
          },
          {
            "domain1": "economics",
            "domain2": "law",
            "cluster1": "reasoning",
            "cluster2": "knowledge",
            "cosine": -0.007927524330330907,
            "abs_cosine": 0.007927524330330907,
            "same_cluster": false
          },
          {
            "domain1": "economics",
            "domain2": "history",
            "cluster1": "reasoning",
            "cluster2": "knowledge",
            "cosine": 0.00542988627824293,
            "abs_cosine": 0.00542988627824293,
            "same_cluster": false
          },
          {
            "domain1": "economics",
            "domain2": "psychology",
            "cluster1": "reasoning",
            "cluster2": "knowledge",
            "cosine": 0.001757807225668042,
            "abs_cosine": 0.001757807225668042,
            "same_cluster": false
          },
          {
            "domain1": "economics",
            "domain2": "cooking",
            "cluster1": "reasoning",
            "cluster2": "knowledge",
            "cosine": -0.0005531846302880983,
            "abs_cosine": 0.0005531846302880983,
            "same_cluster": false
          },
          {
            "domain1": "medical",
            "domain2": "law",
            "cluster1": "knowledge",
            "cluster2": "knowledge",
            "cosine": 0.05607518489899016,
            "abs_cosine": 0.05607518489899016,
            "same_cluster": true
          },
          {
            "domain1": "medical",
            "domain2": "history",
            "cluster1": "knowledge",
            "cluster2": "knowledge",
            "cosine": 0.040465982496500394,
            "abs_cosine": 0.040465982496500394,
            "same_cluster": true
          },
          {
            "domain1": "medical",
            "domain2": "psychology",
            "cluster1": "knowledge",
            "cluster2": "knowledge",
            "cosine": 0.035181398523001124,
            "abs_cosine": 0.035181398523001124,
            "same_cluster": true
          },
          {
            "domain1": "medical",
            "domain2": "cooking",
            "cluster1": "knowledge",
            "cluster2": "knowledge",
            "cosine": 0.07135774189490107,
            "abs_cosine": 0.07135774189490107,
            "same_cluster": true
          },
          {
            "domain1": "law",
            "domain2": "history",
            "cluster1": "knowledge",
            "cluster2": "knowledge",
            "cosine": 0.08571022207861353,
            "abs_cosine": 0.08571022207861353,
            "same_cluster": true
          },
          {
            "domain1": "law",
            "domain2": "psychology",
            "cluster1": "knowledge",
            "cluster2": "knowledge",
            "cosine": 0.058916615493591305,
            "abs_cosine": 0.058916615493591305,
            "same_cluster": true
          },
          {
            "domain1": "law",
            "domain2": "cooking",
            "cluster1": "knowledge",
            "cluster2": "knowledge",
            "cosine": 0.04923234885001784,
            "abs_cosine": 0.04923234885001784,
            "same_cluster": true
          },
          {
            "domain1": "history",
            "domain2": "psychology",
            "cluster1": "knowledge",
            "cluster2": "knowledge",
            "cosine": 0.03454564089787113,
            "abs_cosine": 0.03454564089787113,
            "same_cluster": true
          },
          {
            "domain1": "history",
            "domain2": "cooking",
            "cluster1": "knowledge",
            "cluster2": "knowledge",
            "cosine": 0.02801886543837903,
            "abs_cosine": 0.02801886543837903,
            "same_cluster": true
          },
          {
            "domain1": "psychology",
            "domain2": "cooking",
            "cluster1": "knowledge",
            "cluster2": "knowledge",
            "cosine": 0.03349142315082294,
            "abs_cosine": 0.03349142315082294,
            "same_cluster": true
          }
        ]
      },
      "perm_test": {
        "observed_diff": 0.04526543315309298,
        "p_value": 0.0,
        "n_permutations": 10000,
        "significant_at_005": true,
        "significant_at_001": true
      },
      "domain_losses": {
        "python": 3.4658448614784456,
        "javascript": 3.465716505756755,
        "rust": 3.4660444639450043,
        "bash": 3.4657335608401736,
        "sql": 3.4656782390795513,
        "math": 3.4660763592088486,
        "logic": 3.465874115646982,
        "physics": 3.4659516845756646,
        "statistics": 3.4659058977981907,
        "economics": 3.46605459535015,
        "medical": 3.465457072228923,
        "law": 3.4657799586216873,
        "history": 3.465533048487413,
        "psychology": 3.4656467645367517,
        "cooking": 3.4657393675517874
      },
      "cosine_matrix": [
        [
          1.0,
          0.052657674593180485,
          0.045750600836369455,
          0.023301072806622313,
          0.1060590148584452,
          -0.0024367377290545576,
          -0.00523938201526471,
          0.003526892230914082,
          -0.012940334290832049,
          -0.003598004332711463,
          0.0013847183036049078,
          -0.007254455424752033,
          -0.02440928659938957,
          -0.00336492611020856,
          -0.00867924769637214
        ],
        [
          0.052657674593180485,
          1.0,
          0.09332557353193446,
          0.052010478004167415,
          0.056738766264861115,
          -0.006379868782850096,
          0.008945245034112693,
          -0.002403434188127999,
          -0.006167990375000527,
          0.013396865781454406,
          -0.005293389287641151,
          0.004011245364489391,
          0.004868540411821211,
          -0.00014419797558629758,
          -0.004098351543580039
        ],
        [
          0.045750600836369455,
          0.09332557353193446,
          1.0,
          0.05325564348761164,
          0.02992133933565983,
          -0.00040364025087535893,
          -0.0002219404966732151,
          0.001018984957005329,
          -0.0110964316493461,
          -0.0008791674110049454,
          -0.011363720791422198,
          -0.010908277202012762,
          -0.015320022633526373,
          0.00016126910027569754,
          -0.00531250052232122
        ],
        [
          0.023301072806622313,
          0.052010478004167415,
          0.05325564348761164,
          1.0,
          -0.005889482267543686,
          -0.010374978480872247,
          5.93346380564036e-05,
          -0.001429805757043478,
          -0.004693795401843008,
          0.00856546706404888,
          0.0031521546856867295,
          -0.0015831890246917506,
          0.006594892424747731,
          -0.009896761271775405,
          -0.0034941260600040843
        ],
        [
          0.1060590148584452,
          0.056738766264861115,
          0.02992133933565983,
          -0.005889482267543686,
          1.0,
          0.004718038411128627,
          5.295873753640504e-05,
          -0.0016749666339394927,
          -0.003529711309874732,
          -0.0036795556967741355,
          0.006352924778530035,
          -0.004068181129188063,
          -0.02246212918531701,
          0.0032021464458860272,
          -0.01491651105490886
        ],
        [
          -0.0024367377290545576,
          -0.006379868782850096,
          -0.00040364025087535893,
          -0.010374978480872247,
          0.004718038411128627,
          1.0,
          0.03472012336256781,
          0.06693763708013738,
          0.028739951471781242,
          0.03234619861853599,
          -0.013851533811819266,
          -0.01785222310033484,
          -0.00844480492827073,
          -0.00663956496931617,
          -0.005637109759446124
        ],
        [
          -0.00523938201526471,
          0.008945245034112693,
          -0.0002219404966732151,
          5.93346380564036e-05,
          5.295873753640504e-05,
          0.03472012336256781,
          1.0,
          0.08148988821437332,
          0.06237804125112252,
          0.12055324267114308,
          0.0028631312789780343,
          0.001762754418024347,
          -0.021028587968914936,
          0.006455153597589143,
          0.0013821931213602757
        ],
        [
          0.003526892230914082,
          -0.002403434188127999,
          0.001018984957005329,
          -0.001429805757043478,
          -0.0016749666339394927,
          0.06693763708013738,
          0.08148988821437332,
          1.0,
          0.024922974306155046,
          0.05634338037081786,
          0.0036387417225761678,
          -0.015143077026052386,
          0.006542953480318679,
          -0.0026443885867815852,
          -0.025111536409618416
        ],
        [
          -0.012940334290832049,
          -0.006167990375000527,
          -0.0110964316493461,
          -0.004693795401843008,
          -0.003529711309874732,
          0.028739951471781242,
          0.06237804125112252,
          0.024922974306155046,
          1.0,
          0.04152190163802102,
          -0.006645989967045465,
          -0.012361135199390711,
          -0.0008375230028096269,
          -0.012383358843029992,
          -0.017185466974807165
        ],
        [
          -0.003598004332711463,
          0.013396865781454406,
          -0.0008791674110049454,
          0.00856546706404888,
          -0.0036795556967741355,
          0.03234619861853599,
          0.12055324267114308,
          0.05634338037081786,
          0.04152190163802102,
          1.0,
          0.005928207937277222,
          -0.007927524330330907,
          0.00542988627824293,
          0.001757807225668042,
          -0.0005531846302880983
        ],
        [
          0.0013847183036049078,
          -0.005293389287641151,
          -0.011363720791422198,
          0.0031521546856867295,
          0.006352924778530035,
          -0.013851533811819266,
          0.0028631312789780343,
          0.0036387417225761678,
          -0.006645989967045465,
          0.005928207937277222,
          1.0,
          0.05607518489899016,
          0.040465982496500394,
          0.035181398523001124,
          0.07135774189490107
        ],
        [
          -0.007254455424752033,
          0.004011245364489391,
          -0.010908277202012762,
          -0.0015831890246917506,
          -0.004068181129188063,
          -0.01785222310033484,
          0.001762754418024347,
          -0.015143077026052386,
          -0.012361135199390711,
          -0.007927524330330907,
          0.05607518489899016,
          1.0,
          0.08571022207861353,
          0.058916615493591305,
          0.04923234885001784
        ],
        [
          -0.02440928659938957,
          0.004868540411821211,
          -0.015320022633526373,
          0.006594892424747731,
          -0.02246212918531701,
          -0.00844480492827073,
          -0.021028587968914936,
          0.006542953480318679,
          -0.0008375230028096269,
          0.00542988627824293,
          0.040465982496500394,
          0.08571022207861353,
          1.0,
          0.03454564089787113,
          0.02801886543837903
        ],
        [
          -0.00336492611020856,
          -0.00014419797558629758,
          0.00016126910027569754,
          -0.009896761271775405,
          0.0032021464458860272,
          -0.00663956496931617,
          0.006455153597589143,
          -0.0026443885867815852,
          -0.012383358843029992,
          0.001757807225668042,
          0.035181398523001124,
          0.058916615493591305,
          0.03454564089787113,
          1.0,
          0.03349142315082294
        ],
        [
          -0.00867924769637214,
          -0.004098351543580039,
          -0.00531250052232122,
          -0.0034941260600040843,
          -0.01491651105490886,
          -0.005637109759446124,
          0.0013821931213602757,
          -0.025111536409618416,
          -0.017185466974807165,
          -0.0005531846302880983,
          0.07135774189490107,
          0.04923234885001784,
          0.02801886543837903,
          0.03349142315082294,
          1.0
        ]
      ],
      "domain_order": [
        "python",
        "javascript",
        "rust",
        "bash",
        "sql",
        "math",
