{
  "config": {
    "d": 64,
    "r": 4,
    "L": 2,
    "H": 2,
    "seeds": [
      42,
      123,
      314
    ],
    "n_domains": 5,
    "base_epochs": 30,
    "lora_epochs": 30
  },
  "per_seed": [
    {
      "seed": 42,
      "d": 64,
      "r": 4,
      "L": 2,
      "fp16": {
        "mean_cos": 0.27797685583158344,
        "max_cos": 0.7103503666127783,
        "median_cos": 0.15526165866938707,
        "pairwise": {
          "arithmetic_reverse": 0.1458993494538167,
          "arithmetic_repeat": 0.18880734321317325,
          "arithmetic_sort": 0.1621022200263756,
          "arithmetic_parity": 0.07186858987101977,
          "reverse_repeat": 0.6327540649708846,
          "reverse_sort": 0.7103503666127783,
          "reverse_parity": 0.14842109731239855,
          "repeat_sort": 0.6102952766508126,
          "repeat_parity": 0.023690201696527795,
          "sort_parity": 0.08558004850804729
        },
        "arithmetic_sort_cos": 0.1621022200263756,
        "delta_norms": {
          "arithmetic": 11.441892660369017,
          "reverse": 12.002199082525847,
          "repeat": 8.441534996032715,
          "sort": 10.728900416923542,
          "parity": 10.08408968139565
        },
        "final_losses": {
          "arithmetic": 1.3184809171738758,
          "reverse": 1.002551535544784,
          "repeat": 0.3084735769902807,
          "sort": 0.9855117346847294,
          "parity": 0.41417000079948907
        },
        "cos_matrix": [
          [
            1.0,
            0.1458993494538167,
            0.18880734321317325,
            0.1621022200263756,
            0.07186858987101977
          ],
          [
            0.1458993494538167,
            1.0,
            0.6327540649708846,
            0.7103503666127783,
            0.14842109731239855
          ],
          [
            0.18880734321317325,
            0.6327540649708846,
            1.0,
            0.6102952766508126,
            0.023690201696527795
          ],
          [
            0.1621022200263756,
            0.7103503666127783,
            0.6102952766508126,
            1.0,
            0.08558004850804729
          ],
          [
            0.07186858987101977,
            0.14842109731239855,
            0.023690201696527795,
            0.08558004850804729,
            1.0
          ]
        ]
      },
      "ternary": {
        "mean_cos": 0.2952110806172247,
        "max_cos": 0.8331472067243828,
        "median_cos": 0.19355321026085487,
        "pairwise": {
          "arithmetic_reverse": 0.15785105049913187,
          "arithmetic_repeat": 0.08781815403682851,
          "arithmetic_sort": 0.1408647506203653,
          "arithmetic_parity": 0.015957964953740453,
          "reverse_repeat": 0.6436178612067586,
          "reverse_sort": 0.8331472067243828,
          "reverse_parity": 0.2292553700225779,
          "repeat_sort": 0.5668821019224547,
          "repeat_parity": 0.04073824208067798,
          "sort_parity": 0.23597810410532868
        },
        "arithmetic_sort_cos": 0.1408647506203653,
        "delta_norms": {
          "arithmetic": 10.048940642115516,
          "reverse": 12.703210042330847,
          "repeat": 8.726451204143565,
          "sort": 9.533120693095698,
          "parity": 7.35014208569236
        },
        "final_losses": {
          "arithmetic": 1.2931639660440342,
          "reverse": 1.0007850455847194,
          "repeat": 0.3124255273490887,
          "sort": 0.9198687618259753,
          "parity": 0.40947551695836654
        },
        "cos_matrix": [
          [
            1.0,
            0.15785105049913187,
            0.08781815403682851,
            0.1408647506203653,
            0.015957964953740453
          ],
          [
            0.15785105049913187,
            1.0,
            0.6436178612067586,
            0.8331472067243828,
            0.2292553700225779
          ],
          [
            0.08781815403682851,
            0.6436178612067586,
            1.0,
            0.5668821019224547,
            0.04073824208067798
          ],
          [
            0.1408647506203653,
            0.8331472067243828,
            0.5668821019224547,
            1.0,
            0.23597810410532868
          ],
          [
            0.015957964953740453,
            0.2292553700225779,
            0.04073824208067798,
            0.23597810410532868,
            1.0
          ]
        ]
      },
      "domain_names": [
        "arithmetic",
        "reverse",
        "repeat",
        "sort",
        "parity"
      ],
      "kill_criteria": {
        "K1_fp16_mean_cos": 0.27797685583158344,
        "K1_ternary_mean_cos": 0.2952110806172247,
        "K1_pass": false,
        "K2_ternary_arith_sort_cos": 0.1408647506203653,
        "K2_threshold": 0.5,
        "K2_pass": true
      }
    },
    {
      "seed": 123,
      "d": 64,
      "r": 4,
      "L": 2,
      "fp16": {
        "mean_cos": 0.26249864746498003,
        "max_cos": 0.8036063213259573,
        "median_cos": 0.13129613425005576,
        "pairwise": {
          "arithmetic_reverse": 0.11785910629650151,
          "arithmetic_repeat": 0.10791030317888894,
          "arithmetic_sort": 0.11234230584366059,
          "arithmetic_parity": 0.018092514622270673,
          "reverse_repeat": 0.5125994787234617,
          "reverse_sort": 0.8036063213259573,
          "reverse_parity": 0.20874076715471765,
          "repeat_sort": 0.5171884622972581,
          "repeat_parity": 0.08191405300347368,
          "sort_parity": 0.14473316220361004
        },
        "arithmetic_sort_cos": 0.11234230584366059,
        "delta_norms": {
          "arithmetic": 9.432230452222422,
          "reverse": 10.994956493847617,
          "repeat": 7.916340351104736,
          "sort": 11.593936754807057,
          "parity": 8.890653661681649
        },
        "final_losses": {
          "arithmetic": 1.39994641216537,
          "reverse": 1.0251391814570767,
          "repeat": 0.3302094149523479,
          "sort": 1.0027081192837548,
          "parity": 0.4584436988831883
        },
        "cos_matrix": [
          [
            1.0,
            0.11785910629650151,
            0.10791030317888894,
            0.11234230584366059,
            0.018092514622270673
          ],
          [
            0.11785910629650151,
            1.0,
            0.5125994787234617,
            0.8036063213259573,
            0.20874076715471765
          ],
          [
            0.10791030317888894,
            0.5125994787234617,
            1.0,
            0.5171884622972581,
            0.08191405300347368
          ],
          [
            0.11234230584366059,
            0.8036063213259573,
            0.5171884622972581,
            1.0,
            0.14473316220361004
          ],
          [
            0.018092514622270673,
            0.20874076715471765,
            0.08191405300347368,
            0.14473316220361004,
            1.0
          ]
        ]
      },
      "ternary": {
        "mean_cos": 0.23547610753224682,
        "max_cos": 0.8140627106832617,
        "median_cos": 0.10901649977949292,
        "pairwise": {
          "arithmetic_reverse": 0.09666036365331819,
          "arithmetic_repeat": 0.0774379185801453,
          "arithmetic_sort": 0.09870343650590276,
          "arithmetic_parity": 0.014709971693598986,
          "reverse_repeat": 0.46012103448465863,
          "reverse_sort": 0.8140627106832617,
          "reverse_parity": 0.11932956305308308,
          "repeat_sort": 0.4426163269842562,
          "repeat_parity": 0.05152576320613452,
          "sort_parity": 0.17959398647810867
        },
        "arithmetic_sort_cos": 0.09870343650590276,
        "delta_norms": {
          "arithmetic": 8.310988109995925,
          "reverse": 11.310999527329253,
          "repeat": 6.448472834099316,
          "sort": 11.125786229639463,
          "parity": 7.664299783399436
        },
        "final_losses": {
          "arithmetic": 1.2591885554619238,
          "reverse": 1.0158905703888117,
          "repeat": 0.3227097540824851,
          "sort": 0.9455274482059262,
          "parity": 0.42295439609473945
        },
        "cos_matrix": [
          [
            1.0,
            0.09666036365331819,
            0.0774379185801453,
            0.09870343650590276,
            0.014709971693598986
          ],
          [
            0.09666036365331819,
            1.0,
            0.46012103448465863,
            0.8140627106832617,
            0.11932956305308308
          ],
          [
            0.0774379185801453,
            0.46012103448465863,
            1.0,
            0.4426163269842562,
            0.05152576320613452
          ],
          [
            0.09870343650590276,
            0.8140627106832617,
            0.4426163269842562,
            1.0,
            0.17959398647810867
          ],
          [
            0.014709971693598986,
            0.11932956305308308,
            0.05152576320613452,
            0.17959398647810867,
            1.0
          ]
        ]
      },
      "domain_names": [
        "arithmetic",
        "reverse",
        "repeat",
        "sort",
        "parity"
      ],
      "kill_criteria": {
        "K1_fp16_mean_cos": 0.26249864746498003,
        "K1_ternary_mean_cos": 0.23547610753224682,
        "K1_pass": true,
        "K2_ternary_arith_sort_cos": 0.09870343650590276,
        "K2_threshold": 0.5,
        "K2_pass": true
      }
    },
    {
      "seed": 314,
      "d": 64,
      "r": 4,
      "L": 2,
      "fp16": {
        "mean_cos": 0.23959098799006226,
        "max_cos": 0.7854958986004651,
        "median_cos": 0.13943245140004762,
        "pairwise": {
          "arithmetic_reverse": 0.0356410782156009,
          "arithmetic_repeat": 0.07809120156129824,
          "arithmetic_sort": 0.10117395750036505,
          "arithmetic_parity": 0.1449744946940796,
          "reverse_repeat": 0.3783244227966625,
          "reverse_sort": 0.7854958986004651,
          "reverse_parity": 0.13389040810601566,
          "repeat_sort": 0.43032221811204446,
          "repeat_parity": 0.07998175724394084,
          "sort_parity": 0.22801444307014987
        },
        "arithmetic_sort_cos": 0.10117395750036505,
        "delta_norms": {
          "arithmetic": 10.946029046869816,
          "reverse": 11.469690776211593,
          "repeat": 10.260568618774414,
          "sort": 11.366191288685883,
          "parity": 9.575095295864259
        },
        "final_losses": {
          "arithmetic": 1.3720009230882069,
          "reverse": 0.9668718290161387,
          "repeat": 0.3226981441781123,
          "sort": 1.081589253958153,
          "parity": 0.4234413219987796
        },
        "cos_matrix": [
          [
            1.0,
            0.0356410782156009,
            0.07809120156129824,
            0.10117395750036505,
            0.1449744946940796
          ],
          [
            0.0356410782156009,
            1.0,
            0.3783244227966625,
            0.7854958986004651,
            0.13389040810601566
          ],
          [
            0.07809120156129824,
            0.3783244227966625,
            1.0,
            0.43032221811204446,
            0.07998175724394084
          ],
          [
            0.10117395750036505,
            0.7854958986004651,
            0.43032221811204446,
            1.0,
            0.22801444307014987
          ],
          [
            0.1449744946940796,
            0.13389040810601566,
            0.07998175724394084,
            0.22801444307014987,
            1.0
          ]
        ]
      },
      "ternary": {
        "mean_cos": 0.29566523757231666,
        "max_cos": 0.8323436794588776,
        "median_cos": 0.14056516160904695,
        "pairwise": {
          "arithmetic_reverse": 0.13168753809154962,
          "arithmetic_repeat": 0.12035688061846059,
          "arithmetic_sort": 0.12436144492276618,
          "arithmetic_parity": 0.07583026419881304,
          "reverse_repeat": 0.639373758344814,
          "reverse_sort": 0.8323436794588776,
          "reverse_parity": 0.14187471132226542,
          "repeat_sort": 0.607749583287069,
          "repeat_parity": 0.14381890358272242,
          "sort_parity": 0.13925561189582847
        },
        "arithmetic_sort_cos": 0.12436144492276618,
        "delta_norms": {
          "arithmetic": 8.912551847488126,
          "reverse": 11.408145966698305,
          "repeat": 7.22735742981693,
          "sort": 10.812075135650547,
          "parity": 6.974829744712129
        },
        "final_losses": {
          "arithmetic": 1.2730478107793894,
          "reverse": 0.9992451194672927,
          "repeat": 0.3205990056501285,
          "sort": 0.9698381312975614,
          "parity": 0.4166505353263181
        },
        "cos_matrix": [
          [
            1.0,
            0.13168753809154962,
            0.12035688061846059,
            0.12436144492276618,
            0.07583026419881304
          ],
          [
            0.13168753809154962,
            1.0,
            0.639373758344814,
            0.8323436794588776,
            0.14187471132226542
          ],
          [
            0.12035688061846059,
            0.639373758344814,
            1.0,
            0.607749583287069,
            0.14381890358272242
          ],
          [
            0.12436144492276618,
            0.8323436794588776,
            0.607749583287069,
            1.0,
            0.13925561189582847
          ],
          [
            0.07583026419881304,
            0.14187471132226542,
            0.14381890358272242,
            0.13925561189582847,
            1.0
          ]
        ]
      },
      "domain_names": [
        "arithmetic",
        "reverse",
        "repeat",
        "sort",
        "parity"
      ],
      "kill_criteria": {
        "K1_fp16_mean_cos": 0.23959098799006226,
        "K1_ternary_mean_cos": 0.29566523757231666,
        "K1_pass": false,
        "K2_ternary_arith_sort_cos": 0.12436144492276618,
        "K2_threshold": 0.5,
        "K2_pass": true
      }
    }
  ],
  "aggregate": {
    "fp16_mean_cos": {
      "mean": 0.2600221637622086,
      "std": 0.015768501115287863
    },
    "ternary_mean_cos": {
      "mean": 0.2754508085739294,
      "std": 0.028266990255583605
    },
    "fp16_max_cos": {
      "mean": 0.7664841955130669,
      "std": 0.04037533829025804
    },
    "ternary_max_cos": {
      "mean": 0.826517865622174,
      "std": 0.00881323162186024
    },
    "fp16_arith_sort_cos": {
      "mean": 0.12520616112346708,
      "std": 0.026484868297507402
    },
    "ternary_arith_sort_cos": {
      "mean": 0.12130987734967807,
      "std": 0.017347010317908515
    },
    "paired_t_test_mean_cos": {
      "t_stat": 0.6427273920264865,
      "mean_diff": 0.015428644811720812,
      "direction": "ternary_worse"
    },
    "paired_t_test_arith_sort": {
      "t_stat": -0.2840190253467908,
      "mean_diff": -0.0038962837737889964
    },
    "per_pair": {
      "arithmetic_reverse": {
        "fp16_mean": 0.09979984465530638,
        "fp16_std": 0.04678906063300728,
        "ternary_mean": 0.12873298408133324,
        "ternary_std": 0.02506820138761552,
        "delta": 0.028933139426026863,
        "ternary_lower": false
      },
      "arithmetic_repeat": {
        "fp16_mean": 0.12493628265112015,
        "fp16_std": 0.04677555621127443,
        "ternary_mean": 0.0952043177451448,
        "ternary_std": 0.0182834330539266,
        "delta": -0.02973196490597535,
        "ternary_lower": true
      },
      "arithmetic_sort": {
        "fp16_mean": 0.12520616112346708,
        "fp16_std": 0.026484868297507402,
        "ternary_mean": 0.12130987734967807,
        "ternary_std": 0.017347010317908515,
        "delta": -0.0038962837737890055,
        "ternary_lower": true
      },
      "arithmetic_parity": {
        "fp16_mean": 0.07831186639579002,
        "fp16_std": 0.051999333816352696,
        "ternary_mean": 0.03549940028205083,
        "ternary_std": 0.0285227781489185,
        "delta": -0.04281246611373919,
        "ternary_lower": true
      },
      "reverse_repeat": {
        "fp16_mean": 0.5078926554970029,
        "fp16_std": 0.10392377444675342,
        "ternary_mean": 0.5810375513454104,
        "ternary_std": 0.08551844299946082,
        "delta": 0.07314489584840744,
        "ternary_lower": false
      },
      "reverse_sort": {
        "fp16_mean": 0.7664841955130669,
        "fp16_std": 0.04037533829025804,
        "ternary_mean": 0.826517865622174,
        "ternary_std": 0.00881323162186024,
        "delta": 0.060033670109107096,
        "ternary_lower": false
      },
      "reverse_parity": {
        "fp16_mean": 0.1636840908577106,
        "fp16_std": 0.032407440415261425,
        "ternary_mean": 0.16348654813264213,
        "ternary_std": 0.047407625105478725,
        "delta": -0.00019754272506847248,
        "ternary_lower": true
      },
      "repeat_sort": {
        "fp16_mean": 0.5192686523533717,
        "fp16_std": 0.0734884156084113,
        "ternary_mean": 0.5390826707312599,
        "ternary_std": 0.07022276157679974,
        "delta": 0.01981401837788821,
        "ternary_lower": false
      },
      "repeat_parity": {
        "fp16_mean": 0.061862003981314105,
        "fp16_std": 0.027003065368919263,
        "ternary_mean": 0.07869430295651164,
        "ternary_std": 0.0462601546189276,
        "delta": 0.016832298975197536,
        "ternary_lower": false
      },
      "sort_parity": {
        "fp16_mean": 0.15277588459393573,
        "fp16_std": 0.05842604000588587,
        "ternary_mean": 0.1849425674930886,
        "ternary_std": 0.03966749814780828,
        "delta": 0.032166682899152865,
        "ternary_lower": false
      }
    },
    "n_pairs_ternary_lower": 4,
    "n_total_pairs": 10
  },
  "kill_criteria": {
    "K1_pass": false,
    "K1_per_seed_pass_rate": "1/3",
    "K1_direction": "ternary_worse",
    "K2_pass": true,
    "K2_per_seed_pass_rate": "3/3",
    "K2_ternary_arith_sort_mean": 0.12130987734967807
  },
  "runtime_seconds": 327.8529043197632
}