{
  "n_seeds": 3,
  "seeds": [
    42,
    123,
    7
  ],
  "spearman_rho": {
    "attn": {
      "mean": 0.07333694842149592,
      "std": 0.10204103515886934,
      "values": [
        0.21726788604547556,
        -0.007654769913522332,
        0.010397729132534502
      ]
    },
    "ffn": {
      "mean": 0.18507532590916217,
      "std": 0.06624039149874983,
      "values": [
        0.09498293667695627,
        0.2078907929014107,
        0.25235224814911955
      ]
    },
    "full": {
      "mean": 0.17295527354608517,
      "std": 0.026178903448438633,
      "values": [
        0.1395081816739445,
        0.20342551045185597,
        0.17593212851245493
      ]
    }
  },
  "within_cross_ratio": {
    "attn": {
      "mean": 0.9795957398774541,
      "std": 0.1797400849772828,
      "values": [
        1.2001423488999843,
        0.7598731678585503,
        0.9787717028738278
      ]
    },
    "ffn": {
      "mean": 1.283368369893062,
      "std": 0.35401873557837393,
      "values": [
        1.1559812803496243,
        0.9277490305626998,
        1.7663747987668617
      ]
    },
    "full": {
      "mean": 1.0843514251278144,
      "std": 0.39353522916050826,
      "values": [
        0.8731458120978918,
        0.7440292304888688,
        1.635879232796682
      ]
    }
  },
  "per_seed": [
    {
      "seed": 42,
      "correlations": {
        "spearman": {
          "attn": {
            "rho": 0.21726788604547556,
            "p": 0.07971074342028533
          },
          "ffn": {
            "rho": 0.09498293667695627,
            "p": 0.4480805153433711
          },
          "full": {
            "rho": 0.1395081816739445,
            "p": 0.26391365804460604
          }
        },
        "pearson": {
          "attn": {
            "r": 0.23073980387224774,
            "p": 0.062327105337127875
          },
          "ffn": {
            "r": 0.14058021321631942,
            "p": 0.26022495331097056
          },
          "full": {
            "r": 0.12043595466667395,
            "p": 0.3354251290127732
          }
        },
        "n_pairs": 66,
        "gt_unique_values": 6
      },
      "cluster_analysis": {
        "within_cluster": {
          "attn_mean": 0.0056760655983275135,
          "ffn_mean": 0.005038838376055013,
          "full_mean": 0.00273957889725919,
          "n": 12
        },
        "cross_cluster": {
          "attn_mean": 0.0047294935334260945,
          "ffn_mean": 0.0043589272128463,
          "full_mean": 0.0031375960028511983,
          "n": 54
        },
        "attn_ratio": 1.2001423488999843,
        "ffn_ratio": 1.1559812803496243,
        "full_ratio": 0.8731458120978918
      },
      "k2_ablation": [
        {
          "n_domains": 6,
          "n_pairs": 15,
          "mean_rho": 0.2654655396663692,
          "std_rho": 0.2936613733016269,
          "mean_p": 0.3822901672534929
        },
        {
          "n_domains": 8,
          "n_pairs": 28,
          "mean_rho": 0.2141438551188824,
          "std_rho": 0.05639657981701527,
          "mean_p": 0.2931634119741252
        },
        {
          "n_domains": 10,
          "n_pairs": 45,
          "mean_rho": 0.16471499702677625,
          "std_rho": 0.11463624140414885,
          "mean_p": 0.3947431725150032
        },
        {
          "n_domains": 12,
          "n_pairs": 66,
          "mean_rho": 0.2172678860454756,
          "std_rho": 2.7755575615628914e-17,
          "mean_p": 0.07971074342028533
        }
      ],
      "losses": {
        "python": 3.4659267657354715,
        "javascript": 3.4662857148857142,
        "rust": 3.4669803358336613,
        "math": 3.4655385156882383,
        "logic": 3.466197001045657,
        "physics": 3.465580715563383,
        "medical": 3.4667185586920644,
        "law": 3.4659226755542774,
        "history": 3.466047641761289,
        "poetry": 3.462996074761045,
        "fiction": 3.4643360258665736,
        "comedy": 3.467133933900212
      },
      "attn_cos_matrix": [
        [
          1.0000000000000002,
          -0.0018511988373803054,
          -0.0009142576771159699,
          -0.00018356089626824315,
          -0.003721869130744159,
          0.01322320576444727,
          -0.0011237923009630487,
          -0.00023062554048937101,
          0.0053475277796388365,
          -0.0037288308042742625,
          -0.004912471081143792,
          0.004966651331063971
        ],
        [
          -0.0018511988373803054,
          0.9999999999999999,
          0.010243993375597456,
          0.0069334860867474035,
          0.01629458510777117,
          0.008924427915612439,
          -0.007580066366458314,
          -0.003148792854526604,
          -0.007169281243928239,
          0.00015290101979519634,
          0.002342966213771731,
          -0.002694055298921954
        ],
        [
          -0.0009142576771159699,
          0.010243993375597456,
          1.0000000000000002,
          -0.003154295618928552,
          0.005930511204969515,
          0.005464623819178606,
          0.005000697048793221,
          -0.0020110575279102386,
          0.006081769462459339,
          0.0058626279590349864,
          -0.0037921688028221172,
          0.0006604263038715429
        ],
        [
          -0.00018356089626824315,
          0.0069334860867474035,
          -0.003154295618928552,
          1.0,
          -0.006432277892267567,
          -0.00835062828771613,
          -0.011175251944607072,
          -0.0021379989383645444,
          -0.00016927707492222564,
          -0.010683247328438875,
          -0.0016446804889975726,
          0.0003697943822191847
        ],
        [
          -0.003721869130744159,
          0.01629458510777117,
          0.005930511204969515,
          -0.006432277892267567,
          1.0,
          0.007883991962604595,
          -0.004138300575099487,
          0.0014344285561226368,
          -0.004221622177260269,
          0.0006915924480743799,
          -0.007119061961034282,
          -0.0031501579309633023
        ],
        [
          0.01322320576444727,
          0.008924427915612439,
          0.005464623819178606,
          -0.00835062828771613,
          0.007883991962604595,
          0.9999999999999999,
          -0.004502804873370798,
          0.014056590468562148,
          0.002244011930449177,
          0.0032964276044268833,
          -0.006146261830693378,
          -0.0035138846958184776
        ],
        [
          -0.0011237923009630487,
          -0.007580066366458314,
          0.005000697048793221,
          -0.011175251944607072,
          -0.004138300575099487,
          -0.004502804873370798,
          1.0,
          -0.0006696546241383844,
          0.002305703980404259,
          -0.0007885125121290809,
          -0.00042031314869971596,
          0.0011683961909418152
        ],
        [
          -0.00023062554048937101,
          -0.003148792854526604,
          -0.0020110575279102386,
          -0.0021379989383645444,
          0.0014344285561226368,
          0.014056590468562148,
          -0.0006696546241383844,
          1.0000000000000002,
          -0.01102299014146091,
          -0.004733891351097335,
          -0.00456981694747292,
          -0.00801071710754953
        ],
        [
          0.0053475277796388365,
          -0.007169281243928239,
          0.006081769462459339,
          -0.00016927707492222564,
          -0.004221622177260269,
          0.002244011930449177,
          0.002305703980404259,
          -0.01102299014146091,
          0.9999999999999999,
          0.0068333726138984745,
          -0.013986406350089546,
          0.003548554889171966
        ],
        [
          -0.0037288308042742625,
          0.00015290101979519634,
          0.0058626279590349864,
          -0.010683247328438875,
          0.0006915924480743799,
          0.0032964276044268833,
          -0.0007885125121290809,
          -0.004733891351097335,
          0.0068333726138984745,
          1.0000000000000002,
          -0.002255518395386868,
          -0.011184571442216911
        ],
        [
          -0.004912471081143792,
          0.002342966213771731,
          -0.0037921688028221172,
          -0.0016446804889975726,
          -0.007119061961034282,
          -0.006146261830693378,
          -0.00042031314869971596,
          -0.00456981694747292,
          -0.013986406350089546,
          -0.002255518395386868,
          1.0000000000000002,
          0.004998000563640814
        ],
        [
          0.004966651331063971,
          -0.002694055298921954,
          0.0006604263038715429,
          0.0003697943822191847,
          -0.0031501579309633023,
          -0.0035138846958184776,
          0.0011683961909418152,
          -0.00801071710754953,
          0.003548554889171966,
          -0.011184571442216911,
          0.004998000563640814,
          1.0000000000000002
        ]
      ],
      "ffn_cos_matrix": [
        [
          1.0000000000000002,
          0.007264148946432131,
          0.007322133237948603,
          0.0019734379276027596,
          1.6543908637347527e-05,
          0.009653376974202637,
          -0.006531052424122017,
          0.0035991370121602646,
          -0.0016287368956632233,
          0.0028574231017421668,
          -0.003407123757863778,
          -0.001446676016663041
        ],
        [
          0.007264148946432131,
          1.0,
          0.001067740246743777,
          -0.00039200792854674073,
          0.007941023652807282,
          -0.004489584575726284,
          0.0006215838786909284,
          -0.0015532104638771136,
          -0.0015755417316037949,
          -0.0006412819016388687,
          -0.005263115684603062,
          -0.010405374775986157
        ],
        [
          0.007322133237948603,
          0.001067740246743777,
          1.0000000000000002,
          0.0005816033540000844,
          -0.008313744782976206,
          0.002190027417185837,
          -0.0007992942930242216,
          -0.0011814351526035966,
          -0.006017453202004776,
          0.002282901417897617,
          0.007354209835795064,
          -0.0012723507776115951
        ],
        [
          0.0019734379276027596,
          -0.00039200792854674073,
          0.0005816033540000844,
          1.0000000000000002,
          0.01151625230880731,
          0.008780548542334943,
          -0.029238220518537278,
          0.005912685539968117,
          0.008605303358330171,
          -0.00012300419514085908,
          -0.010380315043825146,
          -0.0006533934324794722
        ],
        [
          1.6543908637347527e-05,
          0.007941023652807282,
          -0.008313744782976206,
          0.01151625230880731,
          1.0000000000000002,
          -0.0019267841395693602,
          0.004336021631971799,
          0.006803559352427765,
          -0.0013208400159456918,
          0.005257105477775183,
          0.0061248302047749404,
          0.007976105668633621
        ],
        [
          0.009653376974202637,
          -0.004489584575726284,
          0.002190027417185837,
          0.008780548542334943,
          -0.0019267841395693602,
          1.0,
          -0.0037804719605350665,
          -0.005729614270374467,
          0.0054479385058584994,
          0.0062773873649316966,
          0.0050771339237390516,
          0.003988053296539167
        ],
        [
          -0.006531052424122017,
          0.0006215838786909284,
          -0.0007992942930242216,
          -0.029238220518537278,
          0.004336021631971799,
          -0.0037804719605350665,
          0.9999999999999998,
          0.007273815947475445,
          0.0014490312400636542,
          0.0007900247842118575,
          -0.00017221151699492145,
          -0.004907907607281966
        ],
        [
          0.0035991370121602646,
          -0.0015532104638771136,
          -0.0011814351526035966,
          0.005912685539968117,
          0.006803559352427765,
          -0.005729614270374467,
          0.007273815947475445,
          1.0,
          0.001965523553676748,
          0.002358953559374318,
          0.0011430453428158556,
          0.005345510011965473
        ],
        [
          -0.0016287368956632233,
          -0.0015755417316037949,
          -0.006017453202004776,
          0.008605303358330171,
          -0.0013208400159456918,
          0.0054479385058584994,
          0.0014490312400636542,
          0.001965523553676748,
          1.0,
          -0.0015181467423882372,
          -0.003489792411058267,
          0.0046352409105848156
        ],
        [
          0.0028574231017421668,
          -0.0006412819016388687,
          0.002282901417897617,
          -0.00012300419514085908,
          0.005257105477775183,
          0.0062773873649316966,
          0.0007900247842118575,
          0.002358953559374318,
          -0.0015181467423882372,
          1.0,
          0.004504085625086295,
          0.004136162397241869
        ],
        [
          -0.003407123757863778,
          -0.005263115684603062,
          0.007354209835795064,
          -0.010380315043825146,
          0.0061248302047749404,
          0.0050771339237390516,
          -0.00017221151699492145,
          0.0011430453428158556,
          -0.003489792411058267,
          0.004504085625086295,
          1.0,
          -0.003259834327280018
        ],
        [
          -0.001446676016663041,
          -0.010405374775986157,
          -0.0012723507776115951,
          -0.0006533934324794722,
          0.007976105668633621,
          0.003988053296539167,
          -0.004907907607281966,
          0.005345510011965473,
          0.0046352409105848156,
          0.004136162397241869,
          -0.003259834327280018,
          1.0
        ]
      ],
      "full_cos_matrix": [
        [
          1.0000000000000002,
          0.003352763836613847,
          0.0037806230310978265,
          0.001036344241648711,
          -0.0015746602986996111,
          0.011179351336897236,
          -0.00411134018473928,
          0.0019243983673363344,
          0.001336021893575076,
          1.5363380571411443e-05,
          -0.0040596615967441125,
          0.0012650415861396396
        ],
        [
          0.003352763836613847,
          1.0000000000000002,
          0.0050151203179718395,
          0.002791535744593598,
          0.011497999584521005,
          0.0012471685095175118,
          -0.0030440412379155487,
          -0.002250842894533377,
          -0.0039537261829026005,
          -0.0002984247555595484,
          -0.0019635638569047743,
          -0.007142672779642015
        ],
        [
          0.0037806230310978265,
          0.0050151203179718395,
          1.0,
          -0.0010453095746501917,
          -0.002235368466848394,
          0.0035933156410841776,
          0.001798453833166521,
          -0.0015448973297271169,
          -0.0008624526670918917,
          0.0038314396452197906,
          0.0025090416148348888,
          -0.00045297692075860647
        ],
        [
          0.001036344241648711,
          0.002791535744593598,
          -0.0010453095746501917,
          0.9999999999999999,
          0.003777296113916641,
          0.001362963571353963,
          -0.02105719882597373,
          0.0023481631555844667,
          0.004827160494595318,
          -0.004738049071423088,
          -0.006544297802720861,
          -0.00021507517373429026
        ],
        [
          -0.0015746602986996111,
          0.011497999584521005,
          -0.002235368466848394,
          0.003777296113916641,
          1.0,
          0.0022351157804085292,
          0.0005754805775822913,
          0.004472410880342776,
          -0.0025441857201597283,
          0.0033017040606797164,
          0.0004255174138105497,
          0.003307572037886241
        ],
        [
          0.011179351336897236,
          0.0012471685095175118,
          0.0035933156410841776,
          0.001362963571353963,
          0.0022351157804085292,
          0.9999999999999998,
          -0.004099118618608096,
          0.002892429116894944,
          0.004090838182929864,
          0.0049951634964143215,
          0.0002267244567284359,
          0.000826580015816331
        ],
        [
          -0.00411134018473928,
          -0.0030440412379155487,
          0.001798453833166521,
          -0.02105719882597373,
          0.0005754805775822913,
          -0.004099118618608096,
          1.0,
          0.0036558476675040696,
          0.0018267543949233023,
          8.024926687032565e-05,
          -0.0002841806121774003,
          -0.0022264508124379646
        ],
        [
          0.0019243983673363344,
          -0.002250842894533377,
          -0.0015448973297271169,
          0.0023481631555844667,
          0.004472410880342776,
          0.002892429116894944,
          0.0036558476675040696,
          1.0,
          -0.0036610656048609376,
          -0.0007607363303569178,
          -0.001381658425421375,
          -0.0004125761541903217
        ],
        [
          0.001336021893575076,
          -0.0039537261829026005,
          -0.0008624526670918917,
          0.004827160494595318,
          -0.0025441857201597283,
          0.004090838182929864,
          0.0018267543949233023,
          -0.0036610656048609376,
          1.0,
          0.0020526588118220065,
          -0.007998636516221192,
          0.004179953996759181
        ],
        [
          1.5363380571411443e-05,
          -0.0002984247555595484,
          0.0038314396452197906,
          -0.004738049071423088,
          0.0033017040606797164,
          0.0049951634964143215,
          8.024926687032565e-05,
          -0.0007607363303569178,
          0.0020526588118220065,
          1.0000000000000002,
          0.0015554314095732552,
          -0.002381490911690369
        ],
        [
          -0.0040596615967441125,
          -0.0019635638569047743,
          0.0025090416148348888,
          -0.006544297802720861,
          0.0004255174138105497,
          0.0002267244567284359,
          -0.0002841806121774003,
          -0.001381658425421375,
          -0.007998636516221192,
          0.0015554314095732552,
          1.0,
          0.00027047412719570377
        ],
        [
          0.0012650415861396396,
          -0.007142672779642015,
          -0.00045297692075860647,
          -0.00021507517373429026,
          0.003307572037886241,
          0.000826580015816331,
          -0.0022264508124379646,
          -0.0004125761541903217,
          0.004179953996759181,
          -0.002381490911690369,
          0.00027047412719570377,
          1.0
        ]
      ],
      "gt_sim_matrix": [
        [
          1.0,
          0.7,
          0.7,
          0.5,
          0.5,
          0.5,
          0.15,
          0.15,
          0.15,
          0.1,
          0.1,
          0.1
        ],
        [
          0.7,
          1.0,
          0.7,
          0.5,
          0.5,
          0.5,
          0.15,
          0.15,
          0.15,
          0.1,
          0.1,
          0.1
        ],
        [
          0.7,
          0.7,
          1.0,
          0.5,
          0.5,
          0.5,
          0.15,
          0.15,
          0.15,
          0.1,
          0.1,
          0.1
        ],
        [
          0.5,
          0.5,
          0.5,
          1.0,
          0.7,
          0.7,
          0.4,
          0.4,
          0.4,
          0.1,
          0.1,
          0.1
        ],
        [
          0.5,
          0.5,
          0.5,
          0.7,
          1.0,
          0.7,
          0.4,
          0.4,
          0.4,
          0.1,
          0.1,
          0.1
        ],
        [
          0.5,
          0.5,
          0.5,
          0.7,
          0.7,
          1.0,
          0.4,
          0.4,
          0.4,
          0.1,
          0.1,
          0.1
        ],
        [
          0.15,
          0.15,
          0.15,
          0.4,
          0.4,
          0.4,
          1.0,
          0.7,
          0.7,
          0.2,
          0.2,
          0.2
        ],
        [
          0.15,
          0.15,
          0.15,
          0.4,
          0.4,
          0.4,
          0.7,
          1.0,
          0.7,
          0.2,
          0.2,
          0.2
        ],
        [
          0.15,
          0.15,
          0.15,
          0.4,
          0.4,
          0.4,
          0.7,
          0.7,
          1.0,
          0.2,
          0.2,
          0.2
        ],
        [
          0.1,
          0.1,
          0.1,
          0.1,
          0.1,
          0.1,
          0.2,
          0.2,
          0.2,
          1.0,
          0.7,
          0.7
        ],
        [
          0.1,
          0.1,
          0.1,
          0.1,
          0.1,
          0.1,
          0.2,
          0.2,
          0.2,
          0.7,
          1.0,
          0.7
        ],
        [
          0.1,
          0.1,
          0.1,
          0.1,
          0.1,
          0.1,
          0.2,
          0.2,
          0.2,
          0.7,
          0.7,
          1.0
        ]
      ],
      "elapsed_seconds": 121.70472502708435
    },
    {
      "seed": 123,
      "correlations": {
        "spearman": {
          "attn": {
            "rho": -0.007654769913522332,
            "p": 0.9513589551505309
          },
          "ffn": {
            "rho": 0.2078907929014107,
            "p": 0.09393461910747258
          },
          "full": {
            "rho": 0.20342551045185597,
            "p": 0.10137168534051343
          }
        },
        "pearson": {
          "attn": {
            "r": 0.05602889441561034,
            "p": 0.6549940531342899
          },
          "ffn": {
            "r": 0.153337511609071,
            "p": 0.21899572956672836
          },
          "full": {
            "r": 0.11274571446208084,
            "p": 0.3674138334826229
          }
        },
        "n_pairs": 66,
        "gt_unique_values": 6
      },
      "cluster_analysis": {
        "within_cluster": {
          "attn_mean": 0.0045561045078408415,
          "ffn_mean": 0.005559243212221609,
          "full_mean": 0.003760012258190925,
          "n": 12
        },
        "cross_cluster": {
          "attn_mean": 0.00599587487039895,
          "ffn_mean": 0.005992184239820662,
          "full_mean": 0.005053581270345338,
          "n": 54
        },
        "attn_ratio": 0.7598731678585503,
        "ffn_ratio": 0.9277490305626998,
        "full_ratio": 0.7440292304888688
      },
      "k2_ablation": [
        {
          "n_domains": 6,
          "n_pairs": 15,
          "mean_rho": 0.1181182931692096,
          "std_rho": 0.17780228256593603,
          "mean_p": 0.5958596824153428
        },
        {
          "n_domains": 8,
          "n_pairs": 28,
          "mean_rho": 0.002676798188986018,
          "std_rho": 0.14669163434702437,
          "mean_p": 0.5910530404774833
        },
        {
          "n_domains": 10,
          "n_pairs": 45,
          "mean_rho": 0.05896413395724498,
          "std_rho": 0.07767681849071768,
          "mean_p": 0.6210723800118398
        },
        {
          "n_domains": 12,
          "n_pairs": 66,
          "mean_rho": -0.007654769913522331,
          "std_rho": 8.673617379884035e-19,
          "mean_p": 0.9513589551505308
        }
      ],
      "losses": {
        "python": 3.466922606091458,
        "javascript": 3.466393191240362,
        "rust": 3.4668038241937804,
        "math": 3.4647815473682297,
        "logic": 3.466075994388092,
        "physics": 3.4661348659655498,
        "medical": 3.4659609408831082,
        "law": 3.4653222631197145,
        "history": 3.4655376999502145,
        "poetry": 3.4662312586600716,
        "fiction": 3.46563234508454,
        "comedy": 3.4660480758921937
      },
      "attn_cos_matrix": [
        [
          1.0000000000000002,
          0.000787748880775615,
          -0.00627785459681904,
          -0.008323239001000581,
          -0.0022317765271118043,
          0.005764914514140519,
          -0.004356818081651767,
          -0.001436741040436018,
          0.005357402729829166,
          -0.012505090322565597,
          -0.0025594926672230793,
          0.0025035044698046576
        ],
        [
          0.000787748880775615,
          1.0,
          0.005283901780101211,
          0.005258691786642194,
          -0.003392713746401599,
          0.0008213289579348794,
          0.0021673583145746314,
          0.0007719482388390384,
          -0.0067401569088591075,
          -0.006079771904774316,
          -0.004195303676226552,
          -0.009552565983301925
        ],
        [
          -0.00627785459681904,
          0.005283901780101211,
          1.0,
          0.016302479819599862,
          0.007821360999452728,
          0.001294596296588944,
          -0.003510762757247363,
          0.002459526154004749,
          0.00024811790261715404,
          0.0027465428946599198,
          -0.0003871383281739625,
          -0.012199043294232683
        ],
        [
          -0.008323239001000581,
          0.005258691786642194,
          0.016302479819599862,
          1.0000000000000002,
          0.006378077398563216,
          -0.000352505255519648,
          -0.06296612711168155,
          0.005839409940232663,
          0.000364271977989394,
          0.006197987003210247,
          0.004652383591158097,
          0.008503790102331245
        ],
        [
          -0.0022317765271118043,
          -0.003392713746401599,
          0.007821360999452728,
          0.006378077398563216,
          1.0,
          0.012761999551874108,
          0.017392046014807306,
          -0.0067776943970683816,
          0.002271410422364883,
          -0.00464149244279655,
          0.007392219013006431,
          0.006838421796509627
        ],
        [
          0.005764914514140519,
          0.0008213289579348794,
          0.001294596296588944,
          -0.000352505255519648,
          0.012761999551874108,
          0.9999999999999998,
          0.005236045782719738,
          -0.004352198674491699,
          0.007537166214695762,
          -0.004191358484282827,
          0.002627939337248866,
          0.001245567050049632
        ],
        [
          -0.004356818081651767,
          0.0021673583145746314,
          -0.003510762757247363,
          -0.06296612711168155,
          0.017392046014807306,
          0.005236045782719738,
          1.0,
          -0.001253445703066218,
          -0.002774457605892497,
          0.0024196783962753413,
          -0.010584313361496343,
          0.0008465344652764578
        ],
        [
          -0.001436741040436018,
          0.0007719482388390384,
          0.002459526154004749,
          0.005839409940232663,
          -0.0067776943970683816,
          -0.004352198674491699,
          -0.001253445703066218,
          1.0,
          -0.006353426735273453,
          0.001196217068155928,
          -0.009731372425323752,
          -0.00015597438545335564
        ],
        [
          0.005357402729829166,
          -0.0067401569088591075,
          0.00024811790261715404,
          0.000364271977989394,
          0.002271410422364883,
          0.007537166214695762,
          -0.002774457605892497,
          -0.006353426735273453,
          1.0,
          0.003945843380770799,
          0.002809620513765106,
          -0.002071772330486536
        ],
        [
          -0.012505090322565597,
          -0.006079771904774316,
          0.0027465428946599198,
          0.006197987003210247,
          -0.00464149244279655,
          -0.004191358484282827,
          0.0024196783962753413,
          0.001196217068155928,
          0.003945843380770799,
          1.0000000000000002,
          0.0049780710430502445,
          0.0012169613779815939
        ],
        [
          -0.0025594926672230793,
          -0.004195303676226552,
          -0.0003871383281739625,
          0.004652383591158097,
          0.007392219013006431,
          0.002627939337248866,
          -0.010584313361496343,
          -0.009731372425323752,
          0.002809620513765106,
          0.0049780710430502445,
          1.0,
          0.00625480416517325
        ],
        [
          0.0025035044698046576,
          -0.009552565983301925,
          -0.012199043294232683,
          0.008503790102331245,
          0.006838421796509627,
          0.001245567050049632,
          0.0008465344652764578,
          -0.00015597438545335564,
          -0.002071772330486536,
          0.0012169613779815939,
          0.00625480416517325,
          1.0
        ]
      ],
      "ffn_cos_matrix": [
        [
          1.0,
          -0.0016426338846882728,
          0.007720208150016615,
          0.01599618703700462,
          0.012198041795997887,
          0.008548309799454161,
          0.0007676317536639771,
          -0.007544819969310481,
          -0.002295665147030048,
          0.0014963521958091086,
          0.0035146395724233643,
          -0.0008425906384932606
        ],
        [
          -0.0016426338846882728,
          1.0,
          0.011033150372375764,
          0.004109206445689131,
          -0.0009631874473753204,
          -0.0019326611483958698,
          0.0036830768356924605,
          -0.0018459417910711296,
          0.006939233882881611,
          -0.003452992357160362,
          0.0033357728261957744,
          -0.0020746005124867846
        ],
        [
          0.007720208150016615,
          0.011033150372375764,
          0.9999999999999998,
          0.019527536201819917,
          0.014219688914678962,
          0.014467124966363976,
          0.005226102729626191,
          0.004344143556345225,
          0.006259508674020715,
          -0.0013674764202621587,
          0.00968215727853508,
          -0.001208019395665585
        ],
        [
          0.01599618703700462,
          0.004109206445689131,
          0.019527536201819917,
          1.0,
          0.001323000293607625,
          0.011314847609298632,
          -0.07177342363106165,
          -0.0001255825674712621,
          0.0040939397456218945,
          -0.0035304237609336594,
          -0.005573168232458415,
          0.0026674125879937384
        ],
        [
          0.012198041795997887,
          -0.0009631874473753204,
          0.014219688914678962,
          0.001323000293607625,
          0.9999999999999999,
          0.002562166182127249,
          0.00022799028129185124,
          0.00117753939978497,
          -0.0013737046809951367,
          -0.008928500164264008,
          -0.002257157073400964,
          0.007261880226702871
        ],
        [
          0.008548309799454161,
          -0.0019326611483958698,
          0.014467124966363976,
          0.011314847609298632,
          0.002562166182127249,
          1.0000000000000002,
          0.002976959523274805,
          -0.0014574438048712186,
          0.0022673710378666315,
          -0.0001518787939444312,
          0.003249475511556038,
          0.002586341701887505
        ],
        [
          0.0007676317536639771,
          0.0036830768356924605,
          0.005226102729626191,
          -0.07177342363106165,
          0.00022799028129185124,
          0.002976959523274805,
          1.0,
          0.005780990127516871,
          0.0022604847660228065,
          0.0013389726744690337,
          0.0011056307433609457,
          -0.006578437668268834
        ],
        [
          -0.007544819969310481,
          -0.0018459417910711296,
          0.004344143556345225,
          -0.0001255825674712621,
          0.00117753939978497,
          -0.0014574438048712186,
          0.005780990127516871,
          0.9999999999999999,
          0.009688459023828477,
          -0.007312723422032595,
          -0.005090508583674169,
          -0.011245024322886057
        ],
        [
          -0.002295665147030048,
          0.006939233882881611,
          0.006259508674020715,
          0.0040939397456218945,
          -0.0013737046809951367,
          0.0022673710378666315,
          0.0022604847660228065,
          0.009688459023828477,
          1.0,
          -0.000960717388605781,
          0.0006624357358180171,
          -0.00976063639236613
        ],
        [
          0.0014963521958091086,
          -0.003452992357160362,
          -0.0013674764202621587,
          -0.0035304237609336594,
          -0.008928500164264008,
          -0.0001518787939444312,
          0.0013389726744690337,
          -0.007312723422032595,
          -0.000960717388605781,
          1.0,
          0.007184376706004028,
          -0.004704898375246715
        ],
        [
          0.0035146395724233643,
          0.0033357728261957744,
          0.00968215727853508,
          -0.005573168232458415,
          -0.002257157073400964,
          0.003249475511556038,
          0.0011056307433609457,
          -0.005090508583674169,
          0.0006624357358180171,
          0.007184376706004028,
          1.0000000000000002,
          0.0014957030559262473
        ],
        [
          -0.0008425906384932606,
          -0.0020746005124867846,
          -0.001208019395665585,
          0.0026674125879937384,
          0.007261880226702871,
          0.002586341701887505,
          -0.006578437668268834,
          -0.011245024322886057,
          -0.00976063639236613,
          -0.004704898375246715,
          0.0014957030559262473,
          1.0
        ]
      ],
      "full_cos_matrix": [
        [
          1.0,
          -0.0005596154355926119,
          0.001600249292107644,
          0.005540965070588242,
          0.0059152503545706735,
          0.007311169770405389,
          -0.0014926181544213932,
          -0.004912680555054978,
          0.0009663006530394755,
          -0.004712545144015335,
          0.0008913683722618764,
          0.0006539682824941617
        ],
        [
          -0.0005596154355926119,
          1.0,
          0.008489516277786163,
          0.004606753847785643,
          -0.0020327096656895726,
          -0.0006949332056403807,
          0.003006788638734906,
          -0.000704820105983383,
          0.001038903975922468,
          -0.004631024487251227,
          4.57370097214823e-05,
          -0.005456967895198713
        ],
        [
          0.001600249292107644,
          0.008489516277786163,
          1.0,
          0.018150068997175972,
          0.011455466097097034,
          0.008657019170750126,
          0.0014020060930448614,
          0.0035383444966252103,
          0.003716215649480219,
          0.0004429392531391895,
          0.0053672579413837134,
          -0.0060854972098175215
        ],
        [
          0.005540965070588242,
          0.004606753847785643,
          0.018150068997175972,
          1.0,
          0.003469644560230264,
          0.006252558609623742,
          -0.06796585905076728,
          0.0023803799861537587,
          0.0025436234164439996,
          0.0006789898563750626,
          -0.001266279486430746,
          0.00521189839672542
        ],
        [
          0.0059152503545706735,
          -0.0020327096656895726,
          0.011455466097097034,
          0.003469644560230264,
          1.0000000000000002,
          0.007040651294112714,
          0.00770885682865449,
          -0.0022081301743297438,
          0.00016132714794487256,
          -0.007048791057698586,
          0.0018600061727562867,
          0.007072656582101165
        ],
        [
          0.007311169770405389,
          -0.0006949332056403807,
          0.008657019170750126,
          0.006252558609623742,
          0.007040651294112714,
          0.9999999999999999,
          0.003981914384294675,
          -0.002714391139677035,
          0.004530738498337125,
          -0.0019586314654733896,
          0.0029777510415434022,
          0.001981483303174018
        ],
        [
          -0.0014926181544213932,
          0.003006788638734906,
          0.0014020060930448614,
          -0.06796585905076728,
          0.00770885682865449,
          0.003981914384294675,
          1.0,
          0.0027467074615636763,
          0.00011165696172030801,
          0.0018187290107681809,
          -0.003947787005115511,
          -0.0032535083235803045
        ],
        [
          -0.004912680555054978,
          -0.000704820105983383,
          0.0035383444966252103,
          0.0023803799861537587,
          -0.0022081301743297438,
          -0.002714391139677035,
          0.0027467074615636763,
          0.9999999999999999,
          0.0030059764429022414,
          -0.003621794307688016,
          -0.00704937484616776,
          -0.006390762932684499
        ],
        [
          0.0009663006530394755,
          0.001038903975922468,
          0.003716215649480219,
          0.0025436234164439996,
          0.00016132714794487256,
          0.004530738498337125,
          0.00011165696172030801,
          0.0030059764429022414,
          1.0000000000000002,
          0.001144180086836829,
          0.001559066600419286,
          -0.006426157399213741
        ],
        [
          -0.004712545144015335,
          -0.004631024487251227,
          0.0004429392531391895,
          0.0006789898563750626,
          -0.007048791057698586,
          -0.0019586314654733896,
          0.0018187290107681809,
          -0.003621794307688016,
          0.001144180086836829,
          1.0000000000000002,
          0.006223561304206675,
          -0.00203907007257186
        ],
        [
          0.0008913683722618764,
          4.57370097214823e-05,
          0.0053672579413837134,
          -0.001266279486430746,
          0.0018600061727562867,
          0.0029777510415434022,
          -0.003947787005115511,
          -0.00704937484616776,
          0.001559066600419286,
          0.006223561304206675,
          1.0000000000000002,
          0.0035809393858731897
        ],
        [
          0.0006539682824941617,
          -0.005456967895198713,
          -0.0060854972098175215,
          0.00521189839672542,
          0.007072656582101165,
          0.001981483303174018,
          -0.0032535083235803045,
          -0.006390762932684499,
          -0.006426157399213741,
          -0.00203907007257186,
          0.0035809393858731897,
          1.0000000000000002
        ]
      ],
      "gt_sim_matrix": [
        [
          1.0,
          0.7,
          0.7,
          0.5,
          0.5,
          0.5,
          0.15,
          0.15,
          0.15,
          0.1,
          0.1,
          0.1
        ],
        [
          0.7,
          1.0,
          0.7,
          0.5,
          0.5,
          0.5,
          0.15,
          0.15,
          0.15,
          0.1,
          0.1,
          0.1
        ],
        [
          0.7,
          0.7,
          1.0,
          0.5,
          0.5,
          0.5,
          0.15,
          0.15,
          0.15,
          0.1,
          0.1,
          0.1
        ],
        [
          0.5,
          0.5,
          0.5,
          1.0,
          0.7,
          0.7,
          0.4,
          0.4,
          0.4,
          0.1,
          0.1,
          0.1
        ],
        [
          0.5,
          0.5,
          0.5,
          0.7,
          1.0,
          0.7,
          0.4,
          0.4,
          0.4,
          0.1,
          0.1,
          0.1
        ],
        [
          0.5,
          0.5,
          0.5,
          0.7,
          0.7,
          1.0,
          0.4,
          0.4,
          0.4,
          0.1,
          0.1,
          0.1
        ],
        [
          0.15,
          0.15,
          0.15,
          0.4,
          0.4,
          0.4,
          1.0,
          0.7,
          0.7,
          0.2,
          0.2,
          0.2
        ],
        [
          0.15,
          0.15,
          0.15,
          0.4,
          0.4,
          0.4,
          0.7,
          1.0,
          0.7,
