{
  "experiment": "exp_sentence_embedding_routing_n24",
  "description": "Sentence-embedding routing at N=24",
  "model": "microsoft/BitNet-b1.58-2B-4T",
  "sentence_model": "all-MiniLM-L6-v2",
  "n_domains": 24,
  "n_prompts_per_domain": 10,
  "n_val_for_centroids": 20,
  "domains": [
    "agriculture",
    "code",
    "cooking",
    "creative_writing",
    "cybersecurity",
    "economics",
    "education",
    "engineering",
    "environmental",
    "finance",
    "health_fitness",
    "history",
    "legal",
    "linguistics",
    "marketing",
    "math",
    "medical",
    "music",
    "philosophy",
    "politics",
    "psychology",
    "science",
    "sociology",
    "sports"
  ],
  "centroid_stats": {
    "inter_similarity_matrix": [
      [
        1.0,
        0.7683943510055542,
        0.8782982230186462,
        0.9464974999427795,
        0.8382434844970703,
        0.9470672011375427,
        0.8565689921379089,
        0.8461703062057495,
        0.9425552487373352,
        0.8363497257232666,
        0.7905754446983337,
        0.9469876289367676,
        0.8014691472053528,
        0.8244775533676147,
        0.8646795749664307,
        0.6648967266082764,
        0.7491729259490967,
        0.8433355093002319,
        0.9404582977294922,
        0.9474508762359619,
        0.5594528317451477,
        0.9486250281333923,
        0.8755608797073364,
        0.8459633588790894
      ],
      [
        0.7683943510055542,
        1.000000238418579,
        0.8340409398078918,
        0.7809196710586548,
        0.845666766166687,
        0.7806159853935242,
        0.8779777884483337,
        0.9077136516571045,
        0.7990828156471252,
        0.7377631068229675,
        0.6613445281982422,
        0.8129164576530457,
        0.694403350353241,
        0.725189208984375,
        0.8481343388557434,
        0.5749766230583191,
        0.6016733050346375,
        0.8985402584075928,
        0.7738309502601624,
        0.7828789353370667,
        0.48803457617759705,
        0.7844012975692749,
        0.8058961629867554,
        0.8951514959335327
      ],
      [
        0.8782982230186462,
        0.8340409398078918,
        1.0,
        0.8952877521514893,
        0.9209822416305542,
        0.8798441290855408,
        0.8843562006950378,
        0.8901832103729248,
        0.8965266942977905,
        0.8004109263420105,
        0.7441199421882629,
        0.8862628936767578,
        0.7566760778427124,
        0.8824523687362671,
        0.925385057926178,
        0.6963877081871033,
        0.70961594581604,
        0.9015865921974182,
        0.8778201341629028,
        0.8979531526565552,
        0.5177929997444153,
        0.8865174651145935,
        0.9037327766418457,
        0.9010018110275269
      ],
      [
        0.9464974999427795,
        0.7809196710586548,
        0.8952877521514893,
        1.0000001192092896,
        0.866193413734436,
        0.949277400970459,
        0.8601325750350952,
        0.8507246971130371,
        0.944959819316864,
        0.8244667053222656,
        0.8159773349761963,
        0.9406881928443909,
        0.7933207154273987,
        0.8580842614173889,
        0.8675506114959717,
        0.6390705108642578,
        0.7745811343193054,
        0.854426383972168,
        0.9395345449447632,
        0.9463090896606445,
        0.5888227224349976,
        0.9556087255477905,
        0.8917233347892761,
        0.857833743095398
      ],
      [
        0.8382434844970703,
        0.845666766166687,
        0.9209822416305542,
        0.866193413734436,
        0.9999998807907104,
        0.84513920545578,
        0.9043773412704468,
        0.8944302201271057,
        0.8527116179466248,
        0.7696207165718079,
        0.721081018447876,
        0.8549880981445312,
        0.7276234030723572,
        0.850082278251648,
        0.9071470499038696,
        0.6383468508720398,
        0.7092731595039368,
        0.9029271006584167,
        0.8416643738746643,
        0.8565447926521301,
        0.5199943780899048,
        0.846784770488739,
        0.8758237361907959,
        0.9031330347061157
      ],
      [
        0.9470672011375427,
        0.7806159853935242,
        0.8798441290855408,
        0.949277400970459,
        0.84513920545578,
        1.0,
        0.8588237166404724,
        0.8480312824249268,
        0.9469680786132812,
        0.8342670798301697,
        0.7943687438964844,
        0.9498708844184875,
        0.8047071695327759,
        0.8327169418334961,
        0.8650649189949036,
        0.6641420125961304,
        0.7559942603111267,
        0.8490133285522461,
        0.9414291381835938,
        0.9430636167526245,
        0.5533673763275146,
        0.94985032081604,
        0.871280312538147,
        0.8474488258361816
      ],
      [
        0.8565689921379089,
        0.8779777884483337,
        0.8843562006950378,
        0.8601325750350952,
        0.9043773412704468,
        0.8588237166404724,
        1.0,
        0.9494397640228271,
        0.8588653802871704,
        0.8009836673736572,
        0.7152172923088074,
        0.8692922592163086,
        0.7589948773384094,
        0.8028295636177063,
        0.9047526717185974,
        0.6351903080940247,
        0.6828442811965942,
        0.9458527565002441,
        0.8507567644119263,
        0.853595495223999,
        0.5370182394981384,
        0.8593233227729797,
        0.8626581430435181,
        0.9382869601249695
      ],
      [
        0.8461703062057495,
        0.9077136516571045,
        0.8901832103729248,
        0.8507246971130371,
        0.8944302201271057,
        0.8480312824249268,
        0.9494397640228271,
        0.9999999403953552,
        0.8544288277626038,
        0.7948400974273682,
        0.708763599395752,
        0.8713408708572388,
        0.7433216571807861,
        0.7950683832168579,
        0.8961837291717529,
        0.632748007774353,
        0.6717501878738403,
        0.9556565284729004,
        0.8404073715209961,
        0.8452906012535095,
        0.523297131061554,
        0.8483949899673462,
        0.8620101809501648,
        0.945397138595581
      ],
      [
        0.9425552487373352,
        0.7990828156471252,
        0.8965266942977905,
        0.944959819316864,
        0.8527116179466248,
        0.9469680786132812,
        0.8588653802871704,
        0.8544288277626038,
        1.0,
        0.8326257467269897,
        0.8245958089828491,
        0.9496921300888062,
        0.7847485542297363,
        0.8394575119018555,
        0.8767110705375671,
        0.6904277801513672,
        0.7886856198310852,
        0.8571779727935791,
        0.9306475520133972,
        0.9460722804069519,
        0.5819608569145203,
        0.9483497142791748,
        0.8809179663658142,
        0.8632495999336243
      ],
      [
        0.8363497257232666,
        0.7377631068229675,
        0.8004109263420105,
        0.8244667053222656,
        0.7696207165718079,
        0.8342670798301697,
        0.8009836673736572,
        0.7948400974273682,
        0.8326257467269897,
        0.9999998807907104,
        0.7160530090332031,
        0.8217697143554688,
        0.8245221376419067,
        0.7949056029319763,
        0.8274374008178711,
        0.7003061771392822,
        0.6821384429931641,
        0.7870320081710815,
        0.8487489819526672,
        0.8076463937759399,
        0.5459001660346985,
        0.8214594721794128,
        0.8168233036994934,
        0.7761104702949524
      ],
      [
        0.7905754446983337,
        0.6613445281982422,
        0.7441199421882629,
        0.8159773349761963,
        0.721081018447876,
        0.7943687438964844,
        0.7152172923088074,
        0.708763599395752,
        0.8245958089828491,
        0.7160530090332031,
        1.0,
        0.8197643160820007,
        0.6961948871612549,
        0.7325301170349121,
        0.7247017025947571,
        0.5609974265098572,
        0.8599984645843506,
        0.7094804644584656,
        0.8050844669342041,
        0.7902888059616089,
        0.5893234014511108,
        0.8045082092285156,
        0.7702983021736145,
        0.717029333114624
      ],
      [
        0.9469876289367676,
        0.8129164576530457,
        0.8862628936767578,
        0.9406881928443909,
        0.8549880981445312,
        0.9498708844184875,
        0.8692922592163086,
        0.8713408708572388,
        0.9496921300888062,
        0.8217697143554688,
        0.8197643160820007,
        0.9999998807907104,
        0.8039771318435669,
        0.8358590602874756,
        0.8787784576416016,
        0.6517124176025391,
        0.7694649696350098,
        0.8684374690055847,
        0.9384353160858154,
        0.9470808506011963,
        0.5569145679473877,
        0.9348856210708618,
        0.8842466473579407,
        0.872072696685791
      ],
      [
        0.8014691472053528,
        0.694403350353241,
        0.7566760778427124,
        0.7933207154273987,
        0.7276234030723572,
        0.8047071695327759,
        0.7589948773384094,
        0.7433216571807861,
        0.7847485542297363,
        0.8245221376419067,
        0.6961948871612549,
        0.8039771318435669,
        0.9999999403953552,
        0.7579423189163208,
        0.7515184283256531,
        0.5552842617034912,
        0.6490927338600159,
        0.7405447959899902,
        0.8158560991287231,
        0.7855713367462158,
        0.43793854117393494,
        0.79360431432724,
        0.8081803321838379,
        0.7542577385902405
      ],
      [
        0.8244775533676147,
        0.725189208984375,
        0.8824523687362671,
        0.8580842614173889,
        0.850082278251648,
        0.8327169418334961,
        0.8028295636177063,
        0.7950683832168579,
        0.8394575119018555,
        0.7949056029319763,
        0.7325301170349121,
        0.8358590602874756,
        0.7579423189163208,
        1.0,
        0.876671552658081,
        0.624468207359314,
        0.7080572843551636,
        0.8093015551567078,
        0.8465083837509155,
        0.8419795036315918,
        0.5400457382202148,
        0.8386435508728027,
        0.8985655307769775,
        0.807025134563446
      ],
      [
        0.8646795749664307,
        0.8481343388557434,
        0.925385057926178,
        0.8675506114959717,
        0.9071470499038696,
        0.8650649189949036,
        0.9047526717185974,
        0.8961837291717529,
        0.8767110705375671,
        0.8274374008178711,
        0.7247017025947571,
        0.8787784576416016,
        0.7515184283256531,
        0.876671552658081,
        1.0,
        0.7237238883972168,
        0.7073092460632324,
        0.8978686332702637,
        0.868855357170105,
        0.881243884563446,
        0.5542376637458801,
        0.8706763386726379,
        0.9013519287109375,
        0.8997383713722229
      ],
      [
        0.6648967266082764,
        0.5749766230583191,
        0.6963877081871033,
        0.6390705108642578,
        0.6383468508720398,
        0.6641420125961304,
        0.6351903080940247,
        0.632748007774353,
        0.6904277801513672,
        0.7003061771392822,
        0.5609974265098572,
        0.6517124176025391,
        0.5552842617034912,
        0.624468207359314,
        0.7237238883972168,
        1.0,
        0.5381894111633301,
        0.6452271938323975,
        0.6638078093528748,
        0.6700482964515686,
        0.3873899579048157,
        0.6583670377731323,
        0.6054975986480713,
        0.6424543261528015
      ],
      [
        0.7491729259490967,
        0.6016733050346375,
        0.70961594581604,
        0.7745811343193054,
        0.7092731595039368,
        0.7559942603111267,
        0.6828442811965942,
        0.6717501878738403,
        0.7886856198310852,
        0.6821384429931641,
        0.8599984645843506,
        0.7694649696350098,
        0.6490927338600159,
        0.7080572843551636,
        0.7073092460632324,
        0.5381894111633301,
        1.0,
        0.6757250428199768,
        0.7510979175567627,
        0.7540346384048462,
        0.5944647789001465,
        0.7556940913200378,
        0.7362682223320007,
        0.6738030314445496
      ],
      [
        0.8433355093002319,
        0.8985402584075928,
        0.9015865921974182,
        0.854426383972168,
        0.9029271006584167,
        0.8490133285522461,
        0.9458527565002441,
        0.9556565284729004,
        0.8571779727935791,
        0.7870320081710815,
        0.7094804644584656,
        0.8684374690055847,
        0.7405447959899902,
        0.8093015551567078,
        0.8978686332702637,
        0.6452271938323975,
        0.6757250428199768,
        0.9999998211860657,
        0.8369100689888,
        0.8554562926292419,
        0.5176674127578735,
        0.855546772480011,
        0.8566098213195801,
        0.9581358432769775
      ],
      [
        0.9404582977294922,
        0.7738309502601624,
        0.8778201341629028,
        0.9395345449447632,
        0.8416643738746643,
        0.9414291381835938,
        0.8507567644119263,
        0.8404073715209961,
        0.9306475520133972,
        0.8487489819526672,
        0.8050844669342041,
        0.9384353160858154,
        0.8158560991287231,
        0.8465083837509155,
        0.868855357170105,
        0.6638078093528748,
        0.7510979175567627,
        0.8369100689888,
        1.0,
        0.9344966411590576,
        0.5827774405479431,
        0.9505797624588013,
        0.8790083527565002,
        0.8437227010726929
      ],
      [
        0.9474508762359619,
        0.7828789353370667,
        0.8979531526565552,
        0.9463090896606445,
        0.8565447926521301,
        0.9430636167526245,
        0.853595495223999,
        0.8452906012535095,
        0.9460722804069519,
        0.8076463937759399,
        0.7902888059616089,
        0.9470808506011963,
        0.7855713367462158,
        0.8419795036315918,
        0.881243884563446,
        0.6700482964515686,
        0.7540346384048462,
        0.8554562926292419,
        0.9344966411590576,
        0.9999999403953552,
        0.5504906177520752,
        0.9484226107597351,
        0.8806052803993225,
        0.8647305965423584
      ],
      [
        0.5594528317451477,
        0.48803457617759705,
        0.5177929997444153,
        0.5888227224349976,
        0.5199943780899048,
        0.5533673763275146,
        0.5370182394981384,
        0.523297131061554,
        0.5819608569145203,
        0.5459001660346985,
        0.5893234014511108,
        0.5569145679473877,
        0.43793854117393494,
        0.5400457382202148,
        0.5542376637458801,
        0.3873899579048157,
        0.5944647789001465,
        0.5176674127578735,
        0.5827774405479431,
        0.5504906177520752,
        0.9999998211860657,
        0.5938771963119507,
        0.5785847902297974,
        0.5067521333694458
      ],
      [
        0.9486250281333923,
        0.7844012975692749,
        0.8865174651145935,
        0.9556087255477905,
        0.846784770488739,
        0.94985032081604,
        0.8593233227729797,
        0.8483949899673462,
        0.9483497142791748,
        0.8214594721794128,
        0.8045082092285156,
        0.9348856210708618,
        0.79360431432724,
        0.8386435508728027,
        0.8706763386726379,
        0.6583670377731323,
        0.7556940913200378,
        0.855546772480011,
        0.9505797624588013,
        0.9484226107597351,
        0.5938771963119507,
        1.0000001192092896,
        0.8813978433609009,
        0.8590044379234314
      ],
      [
        0.8755608797073364,
        0.8058961629867554,
        0.9037327766418457,
        0.8917233347892761,
        0.8758237361907959,
        0.871280312538147,
        0.8626581430435181,
        0.8620101809501648,
        0.8809179663658142,
        0.8168233036994934,
        0.7702983021736145,
        0.8842466473579407,
        0.8081803321838379,
        0.8985655307769775,
        0.9013519287109375,
        0.6054975986480713,
        0.7362682223320007,
        0.8566098213195801,
        0.8790083527565002,
        0.8806052803993225,
        0.5785847902297974,
        0.8813978433609009,
        1.0,
        0.8602594137191772
      ],
      [
        0.8459633588790894,
        0.8951514959335327,
        0.9010018110275269,
        0.857833743095398,
        0.9031330347061157,
        0.8474488258361816,
        0.9382869601249695,
        0.945397138595581,
        0.8632495999336243,
        0.7761104702949524,
        0.717029333114624,
        0.872072696685791,
        0.7542577385902405,
        0.807025134563446,
        0.8997383713722229,
        0.6424543261528015,
        0.6738030314445496,
        0.9581358432769775,
        0.8437227010726929,
        0.8647305965423584,
        0.5067521333694458,
        0.8590044379234314,
        0.8602594137191772,
        1.0
      ]
    ],
    "domain_order": [
      "agriculture",
      "code",
      "cooking",
      "creative_writing",
      "cybersecurity",
      "economics",
      "education",
      "engineering",
      "environmental",
      "finance",
      "health_fitness",
      "history",
      "legal",
      "linguistics",
      "marketing",
      "math",
      "medical",
      "music",
      "philosophy",
      "politics",
      "psychology",
      "science",
      "sociology",
      "sports"
    ],
    "mean_inter_similarity": 0.7984669804573059,
    "mean_intra_std": 0.06887030725677808,
    "fisher_ratio": 2.926268628239053,
    "confusion_threshold": 0.8622593854864439,
    "n_confused_pairs": 91,
    "confused_pairs": [
      [
        "music",
        "sports",
        0.9581358432769775
      ],
      [
        "engineering",
        "music",
        0.9556565284729004
      ],
      [
        "creative_writing",
        "science",
        0.9556087255477905
      ],
      [
        "philosophy",
        "science",
        0.9505797624588013
      ],
      [
        "economics",
        "history",
        0.9498708844184875
      ],
      [
        "economics",
        "science",
        0.94985032081604
      ],
      [
        "environmental",
        "history",
        0.9496921300888062
      ],
      [
        "education",
        "engineering",
        0.9494397640228271
      ],
      [
        "creative_writing",
        "economics",
        0.949277400970459
      ],
      [
        "agriculture",
        "science",
        0.9486250281333923
      ],
      [
        "politics",
        "science",
        0.9484226107597351
      ],
      [
        "environmental",
        "science",
        0.9483497142791748
      ],
      [
        "agriculture",
        "politics",
        0.9474508762359619
      ],
      [
        "history",
        "politics",
        0.9470808506011963
      ],
      [
        "agriculture",
        "economics",
        0.9470672011375427
      ],
      [
        "agriculture",
        "history",
        0.9469876289367676
      ],
      [
        "economics",
        "environmental",
        0.9469680786132812
      ],
      [
        "agriculture",
        "creative_writing",
        0.9464974999427795
      ],
      [
        "creative_writing",
        "politics",
        0.9463090896606445
      ],
      [
        "environmental",
        "politics",
        0.9460722804069519
      ],
      [
        "education",
        "music",
        0.9458527565002441
      ],
      [
        "engineering",
        "sports",
        0.945397138595581
      ],
      [
        "creative_writing",
        "environmental",
        0.944959819316864
      ],
      [
        "economics",
        "politics",
        0.9430636167526245
      ],
      [
        "agriculture",
        "environmental",
        0.9425552487373352
      ],
      [
        "economics",
        "philosophy",
        0.9414291381835938
      ],
      [
        "creative_writing",
        "history",
        0.9406881928443909
      ],
      [
        "agriculture",
        "philosophy",
        0.9404582977294922
      ],
      [
        "creative_writing",
        "philosophy",
        0.9395345449447632
      ],
      [
        "history",
        "philosophy",
        0.9384353160858154
      ],
      [
        "education",
        "sports",
        0.9382869601249695
      ],
      [
        "history",
        "science",
        0.9348856210708618
      ],
      [
        "philosophy",
        "politics",
        0.9344966411590576
      ],
      [
        "environmental",
        "philosophy",
        0.9306475520133972
      ],
      [
        "cooking",
        "marketing",
        0.925385057926178
      ],
      [
        "cooking",
        "cybersecurity",
        0.9209822416305542
      ],
      [
        "code",
        "engineering",
        0.9077136516571045
      ],
      [
        "cybersecurity",
        "marketing",
        0.9071470499038696
      ],
      [
        "education",
        "marketing",
        0.9047526717185974
      ],
      [
        "cybersecurity",
        "education",
        0.9043773412704468
      ],
      [
        "cooking",
        "sociology",
        0.9037327766418457
      ],
      [
        "cybersecurity",
        "sports",
        0.9031330347061157
      ],
      [
        "cybersecurity",
        "music",
        0.9029271006584167
      ],
      [
        "cooking",
        "music",
        0.9015865921974182
      ],
      [
        "marketing",
        "sociology",
        0.9013519287109375
      ],
      [
        "cooking",
        "sports",
        0.9010018110275269
      ],
      [
        "marketing",
        "sports",
        0.8997383713722229
      ],
      [
        "linguistics",
        "sociology",
        0.8985655307769775
      ],
      [
        "code",
        "music",
        0.8985402584075928
      ],
      [
        "cooking",
        "politics",
        0.8979531526565552
      ],
      [
        "marketing",
        "music",
        0.8978686332702637
      ],
      [
        "cooking",
        "environmental",
        0.8965266942977905
      ],
      [
        "engineering",
        "marketing",
        0.8961837291717529
      ],
      [
        "cooking",
        "creative_writing",
        0.8952877521514893
      ],
      [
        "code",
        "sports",
        0.8951514959335327
      ],
      [
        "cybersecurity",
        "engineering",
        0.8944302201271057
      ],
      [
        "creative_writing",
        "sociology",
        0.8917233347892761
      ],
      [
        "cooking",
        "engineering",
        0.8901832103729248
      ],
      [
        "cooking",
        "science",
        0.8865174651145935
      ],
      [
        "cooking",
        "history",
        0.8862628936767578
      ],
      [
        "cooking",
        "education",
        0.8843562006950378
      ],
      [
        "history",
        "sociology",
        0.8842466473579407
      ],
      [
        "cooking",
        "linguistics",
        0.8824523687362671
      ],
      [
        "science",
        "sociology",
        0.8813978433609009
      ],
      [
        "marketing",
        "politics",
        0.881243884563446
      ],
      [
        "environmental",
        "sociology",
        0.8809179663658142
      ],
      [
        "politics",
        "sociology",
        0.8806052803993225
      ],
      [
        "cooking",
        "economics",
        0.8798441290855408
      ],
      [
        "philosophy",
        "sociology",
        0.8790083527565002
      ],
      [
        "history",
        "marketing",
        0.8787784576416016
      ],
      [
        "agriculture",
        "cooking",
        0.8782982230186462
      ],
      [
        "code",
        "education",
        0.8779777884483337
      ],
      [
        "cooking",
        "philosophy",
        0.8778201341629028
      ],
      [
        "environmental",
        "marketing",
        0.8767110705375671
      ],
      [
        "linguistics",
        "marketing",
        0.876671552658081
      ],
      [
        "cybersecurity",
        "sociology",
        0.8758237361907959
      ],
      [
        "agriculture",
        "sociology",
        0.8755608797073364
      ],
      [
        "history",
        "sports",
        0.872072696685791
      ],
      [
        "engineering",
        "history",
        0.8713408708572388
      ],
      [
        "economics",
        "sociology",
        0.871280312538147
      ],
      [
        "marketing",
        "science",
        0.8706763386726379
      ],
      [
        "education",
        "history",
        0.8692922592163086
      ],
      [
        "marketing",
        "philosophy",
        0.868855357170105
      ],
      [
        "history",
        "music",
        0.8684374690055847
      ],
      [
        "creative_writing",
        "marketing",
        0.8675506114959717
      ],
      [
        "creative_writing",
        "cybersecurity",
        0.866193413734436
      ],
      [
        "economics",
        "marketing",
        0.8650649189949036
      ],
      [
        "politics",
        "sports",
        0.8647305965423584
      ],
      [
        "agriculture",
        "marketing",
        0.8646795749664307
      ],
      [
        "environmental",
        "sports",
        0.8632495999336243
      ],
      [
        "education",
        "sociology",
        0.8626581430435181
      ]
    ],
    "min_margins": {
      "agriculture": {
        "margin": 0.051374971866607666,
        "closest_domain": "science",
        "closest_similarity": 0.9486250281333923
      },
      "code": {
        "margin": 0.09228634834289551,
        "closest_domain": "engineering",
        "closest_similarity": 0.9077136516571045
      },
      "cooking": {
        "margin": 0.07461494207382202,
        "closest_domain": "marketing",
        "closest_similarity": 0.925385057926178
      },
      "creative_writing": {
        "margin": 0.04439127445220947,
        "closest_domain": "science",
        "closest_similarity": 0.9556087255477905
      },
      "cybersecurity": {
        "margin": 0.0790177583694458,
        "closest_domain": "cooking",
        "closest_similarity": 0.9209822416305542
      },
      "economics": {
        "margin": 0.05012911558151245,
        "closest_domain": "history",
        "closest_similarity": 0.9498708844184875
      },
      "education": {
        "margin": 0.05056023597717285,
        "closest_domain": "engineering",
        "closest_similarity": 0.9494397640228271
      },
      "engineering": {
        "margin": 0.04434347152709961,
        "closest_domain": "music",
        "closest_similarity": 0.9556565284729004
      },
      "environmental": {
        "margin": 0.05030786991119385,
        "closest_domain": "history",
        "closest_similarity": 0.9496921300888062
      },
      "finance": {
        "margin": 0.15125101804733276,
        "closest_domain": "philosophy",
        "closest_similarity": 0.8487489819526672
      },
      "health_fitness": {
        "margin": 0.14000153541564941,
        "closest_domain": "medical",
        "closest_similarity": 0.8599984645843506
      },
      "history": {
        "margin": 0.05012911558151245,
        "closest_domain": "economics",
        "closest_similarity": 0.9498708844184875
      },
      "legal": {
        "margin": 0.17547786235809326,
        "closest_domain": "finance",
        "closest_similarity": 0.8245221376419067
      },
      "linguistics": {
        "margin": 0.10143446922302246,
        "closest_domain": "sociology",
        "closest_similarity": 0.8985655307769775
      },
      "marketing": {
        "margin": 0.07461494207382202,
        "closest_domain": "cooking",
        "closest_similarity": 0.925385057926178
      },
      "math": {
        "margin": 0.2762761116027832,
        "closest_domain": "marketing",
        "closest_similarity": 0.7237238883972168
      },
      "medical": {
        "margin": 0.14000153541564941,
        "closest_domain": "health_fitness",
        "closest_similarity": 0.8599984645843506
      },
      "music": {
        "margin": 0.04186415672302246,
        "closest_domain": "sports",
        "closest_similarity": 0.9581358432769775
      },
      "philosophy": {
        "margin": 0.04942023754119873,
        "closest_domain": "science",
        "closest_similarity": 0.9505797624588013
      },
      "politics": {
        "margin": 0.05157738924026489,
        "closest_domain": "science",
        "closest_similarity": 0.9484226107597351
      },
      "psychology": {
        "margin": 0.4055352210998535,
        "closest_domain": "medical",
        "closest_similarity": 0.5944647789001465
      },
      "science": {
        "margin": 0.04439127445220947,
        "closest_domain": "creative_writing",
        "closest_similarity": 0.9556087255477905
      },
      "sociology": {
        "margin": 0.0962672233581543,
        "closest_domain": "cooking",
        "closest_similarity": 0.9037327766418457
      },
      "sports": {
        "margin": 0.04186415672302246,
        "closest_domain": "music",
        "closest_similarity": 0.9581358432769775
      }
    },
    "top_10_similar_pairs": [
      [
        "music",
        "sports",
        0.9581358432769775
      ],
      [
        "engineering",
        "music",
        0.9556565284729004
      ],
      [
        "creative_writing",
        "science",
        0.9556087255477905
      ],
      [
        "philosophy",
        "science",
        0.9505797624588013
      ],
      [
        "economics",
        "history",
        0.9498708844184875
      ],
      [
        "economics",
        "science",
        0.94985032081604
      ],
      [
        "environmental",
        "history",
        0.9496921300888062
      ],
      [
        "education",
        "engineering",
        0.9494397640228271
      ],
      [
        "creative_writing",
        "economics",
        0.949277400970459
      ],
      [
        "agriculture",
        "science",
        0.9486250281333923
      ]
    ],
    "elapsed_s": 5.4
  },
  "centroid_details": {
    "agriculture": {
      "n_samples": 20,
      "mean_self_similarity": 0.7000614404678345,
      "std_self_similarity": 0.04211348667740822,
      "min_self_similarity": 0.6379997730255127
    },
    "code": {
      "n_samples": 20,
      "mean_self_similarity": 0.7859105467796326,
      "std_self_similarity": 0.08917370438575745,
      "min_self_similarity": 0.5135362148284912
    },
    "cooking": {
      "n_samples": 20,
      "mean_self_similarity": 0.6006805300712585,
      "std_self_similarity": 0.08452314138412476,
      "min_self_similarity": 0.40289050340652466
    },
    "creative_writing": {
      "n_samples": 20,
      "mean_self_similarity": 0.6886523962020874,
      "std_self_similarity": 0.05235305055975914,
      "min_self_similarity": 0.5857732892036438
    },
    "cybersecurity": {
      "n_samples": 20,
      "mean_self_similarity": 0.5867635011672974,
      "std_self_similarity": 0.07706129550933838,
      "min_self_similarity": 0.38299402594566345
    },
    "economics": {
      "n_samples": 20,
      "mean_self_similarity": 0.6949757933616638,
      "std_self_similarity": 0.05889817699790001,
      "min_self_similarity": 0.525698721408844
    },
    "education": {
      "n_samples": 20,
      "mean_self_similarity": 0.7342597246170044,
      "std_self_similarity": 0.05591472238302231,
      "min_self_similarity": 0.609296441078186
    },
    "engineering": {
      "n_samples": 20,
      "mean_self_similarity": 0.7149426341056824,
      "std_self_similarity": 0.061768703162670135,
      "min_self_similarity": 0.5793784260749817
    },
    "environmental": {
      "n_samples": 20,
      "mean_self_similarity": 0.6969003081321716,
      "std_self_similarity": 0.07953731715679169,
      "min_self_similarity": 0.5315887928009033
    },
    "finance": {
      "n_samples": 20,
      "mean_self_similarity": 0.7038702964782715,
      "std_self_similarity": 0.0632295235991478,
      "min_self_similarity": 0.5389286875724792
    },
    "health_fitness": {
      "n_samples": 20,
      "mean_self_similarity": 0.7930995225906372,
      "std_self_similarity": 0.052222125232219696,
      "min_self_similarity": 0.7106789350509644
    },
    "history": {
      "n_samples": 20,
      "mean_self_similarity": 0.6852198243141174,
      "std_self_similarity": 0.06846055388450623,
      "min_self_similarity": 0.5466891527175903
    },
    "legal": {
      "n_samples": 20,
      "mean_self_similarity": 0.6801800727844238,
      "std_self_similarity": 0.07227108627557755,
      "min_self_similarity": 0.5226367115974426
    },
    "linguistics": {
      "n_samples": 20,
      "mean_self_similarity": 0.567680835723877,
      "std_self_similarity": 0.10227853059768677,
      "min_self_similarity": 0.3584737181663513
    },
    "marketing": {
      "n_samples": 20,
      "mean_self_similarity": 0.6120497584342957,
      "std_self_similarity": 0.08664589375257492,
      "min_self_similarity": 0.3470989167690277
    },
    "math": {
      "n_samples": 20,
      "mean_self_similarity": 0.6842011213302612,
      "std_self_similarity": 0.03438839316368103,
      "min_self_similarity": 0.6168994903564453
    },
    "medical": {
      "n_samples": 20,
      "mean_self_similarity": 0.7334398031234741,
      "std_self_similarity": 0.047525860369205475,
      "min_self_similarity": 0.6160942316055298
    },
    "music": {
      "n_samples": 20,
      "mean_self_similarity": 0.7218496799468994,
      "std_self_similarity": 0.06749626994132996,
      "min_self_similarity": 0.6075431108474731
    },
    "philosophy": {
      "n_samples": 20,
      "mean_self_similarity": 0.6767247319221497,
      "std_self_similarity": 0.08277346193790436,
      "min_self_similarity": 0.47217774391174316
    },
    "politics": {
      "n_samples": 20,
      "mean_self_similarity": 0.6627820730209351,
      "std_self_similarity": 0.05304066836833954,
      "min_self_similarity": 0.5415166020393372
    },
    "psychology": {
      "n_samples": 20,
      "mean_self_similarity": 0.6725231409072876,
      "std_self_similarity": 0.10104834288358688,
      "min_self_similarity": 0.4516125023365021
    },
    "science": {
      "n_samples": 20,
      "mean_self_similarity": 0.7003000974655151,
      "std_self_similarity": 0.04853624477982521,
      "min_self_similarity": 0.6013854742050171
    },
    "sociology": {
      "n_samples": 20,
      "mean_self_similarity": 0.5761784911155701,
      "std_self_similarity": 0.10567498952150345,
      "min_self_similarity": 0.3886156678199768
    },
    "sports": {
      "n_samples": 20,
      "mean_self_similarity": 0.7055109739303589,
      "std_self_similarity": 0.06595183163881302,
      "min_self_similarity": 0.5917348861694336
    }
  },
  "routing_stats": {
    "accuracy": 0.3333333333333333,
    "correct": 80,
    "total": 240,
    "per_domain_accuracy": {
      "agriculture": 0.2,
      "code": 0.9,
      "cooking": 0.0,
      "creative_writing": 0.1,
      "cybersecurity": 0.2,
      "economics": 0.1,
      "education": 0.2,
      "engineering": 0.2,
      "environmental": 0.2,
      "finance": 0.9,
      "health_fitness": 0.8,
      "history": 0.1,
      "legal": 0.8,
      "linguistics": 0.1,
      "marketing": 0.1,
      "math": 1.0,
      "medical": 0.8,
      "music": 0.1,
      "philosophy": 0.0,
      "politics": 0.1,
      "psychology": 1.0,
      "science": 0.1,
      "sociology": 0.0,
      "sports": 0.0
    },
    "confusion_pairs": {
      "agriculture->politics": 1,
      "agriculture->history": 1,
      "agriculture->environmental": 1,
      "agriculture->creative_writing": 2,
      "agriculture->science": 2,
      "agriculture->finance": 1,
      "code->music": 1,
      "cooking->marketing": 2,
      "cooking->engineering": 1,
      "cooking->history": 2,
      "cooking->music": 1,
      "cooking->creative_writing": 1,
      "cooking->agriculture": 1,
      "cooking->education": 2,
      "creative_writing->engineering": 1,
      "creative_writing->history": 2,
      "creative_writing->agriculture": 3,
      "creative_writing->politics": 1,
      "creative_writing->science": 1,
      "creative_writing->economics": 1,
      "cybersecurity->history": 1,
      "cybersecurity->cooking": 1,
      "cybersecurity->linguistics": 1,
      "cybersecurity->marketing": 2,
      "cybersecurity->education": 2,
      "cybersecurity->philosophy": 1,
      "economics->history": 1,
      "economics->agriculture": 3,
      "economics->politics": 3,
      "economics->philosophy": 2,
      "education->engineering": 2,
      "education->music": 1,
      "education->finance": 1,
      "education->cybersecurity": 2,
      "education->code": 2,
      "engineering->education": 2,
      "engineering->code": 4,
      "engineering->sports": 1,
      "engineering->music": 1,
      "environmental->sports": 1,
      "environmental->agriculture": 4,
      "environmental->philosophy": 2,
      "environmental->politics": 1,
      "finance->legal": 1,
      "health_fitness->medical": 1,
      "health_fitness->history": 1,
      "history->philosophy": 3,
      "history->economics": 3,
      "history->environmental": 1,
      "history->agriculture": 1,
      "history->creative_writing": 1,
      "legal->philosophy": 1,
      "legal->history": 1,
      "linguistics->environmental": 1,
      "linguistics->history": 1,
      "linguistics->agriculture": 1,
      "linguistics->code": 1,
      "linguistics->sociology": 1,
      "linguistics->health_fitness": 1,
      "linguistics->finance": 1,
      "linguistics->cybersecurity": 1,
      "linguistics->music": 1,
      "marketing->history": 2,
      "marketing->agriculture": 2,
      "marketing->environmental": 1,
      "marketing->science": 1,
      "marketing->sports": 1,
      "marketing->cooking": 1,
      "marketing->politics": 1,
      "medical->health_fitness": 2,
      "music->sports": 5,
      "music->education": 2,
      "music->finance": 1,
      "music->code": 1,
      "philosophy->history": 1,
      "philosophy->environmental": 2,
      "philosophy->science": 2,
      "philosophy->agriculture": 3,
      "philosophy->politics": 1,
      "philosophy->creative_writing": 1,
      "politics->philosophy": 1,
      "politics->music": 1,
      "politics->creative_writing": 1,
      "politics->history": 1,
      "politics->environmental": 4,
      "politics->agriculture": 1,
      "science->politics": 4,
      "science->environmental": 1,
      "science->economics": 2,
      "science->cybersecurity": 1,
      "science->philosophy": 1,
      "sociology->linguistics": 2,
      "sociology->science": 1,
      "sociology->economics": 1,
      "sociology->education": 1,
      "sociology->agriculture": 1,
      "sociology->math": 1,
      "sociology->cooking": 1,
      "sociology->cybersecurity": 1,
      "sociology->code": 1,
      "sports->music": 7,
      "sports->education": 2,
      "sports->code": 1
    },
    "overhead_mean_ms": 9.617787599563599,
    "overhead_p99_ms": 78.29269886016824,
    "elapsed_s": 4.6
  },
  "ppl_stats": {
    "per_domain": {
      "code": {
        "base_ppl": 4.546875,
        "oracle_ppl": 4.047380161285401,
        "routed_ppl": 4.047380161285401,
        "routed_domain": "code",
        "correct_routing": true,
        "oracle_improvement": 0.10985453497503218,
        "routed_improvement": 0.10985453497503218
      },
      "math": {
        "base_ppl": 4.059375,
        "oracle_ppl": 4.054984664916992,
        "routed_ppl": 4.054984664916992,
        "routed_domain": "math",
        "correct_routing": true,
        "oracle_improvement": 0.001081529812596359,
        "routed_improvement": 0.001081529812596359
      },
      "medical": {
        "base_ppl": 8.203125,
